-1.20598
-0.312012
4.51743
1.43766
2.11129
3.07783
1.75103
1.74784
1.75791
4.29157
-1.24138
-0.102602
0.135271
-1.14832
-1.02904
-0.887832
0.144503
1.80839
1.4359
0.647306
2.02263
1.73338
1.92292
0.507358
3.75452
-0.290489
3.20688
0.770222
3.45328
-1.83092
2.58979
-2.61927
1.86693
-1.16335
3.72782
2.1957
2.43275
2.27569
0.652079
-0.0962708
-0.0641583
0.873103
1.93962
1.169
-1.78603
1.83547
1.4371
-0.262649
-1.4894
0.7883
0.359765
0.835617
2.28638
-0.217746
2.59189
1.92918
0.715431
2.56209
1.45929
1.2991
1.05699
3.97574
1.2318
-1.73307
-0.199203
1.08632
1.7773
1.86855
3.65858
0.758085
0.114897
-1.42672
0.17804
-1.10285
0.894126
3.64425
-1.01026
-2.75344
-0.158156
0.00983158
-0.510688
1.58158
0.146207
2.20997
-2.03432
1.50793
-0.989967
2.85298
-2.58247
3.28108
-0.329995
1.04155
0.53957
0.827329
-0.360979
0.36707
-0.953431
0.32163
-0.812209
1.19508
-1.65433
1.63406
-1.12147
1.70872
-0.714899
1.37714
0.677664
0.805616
-0.95097
-0.486377
3.56005
-0.667468
-0.356151
1.20729
0.694047
-0.193108
2.19121
-2.21765
2.99884
1.11868
1.06958
2.30033
3.80908
1.33084
0.270508
3.17019
0.517795
1.42183
2.1453
0.657896
0.629908
0.152807
1.80933
1.22232
1.51421
1.67651
-1.12414
-2.59214
-0.176227
3.43394
1.93625
1.65406
0.68275
1.51357
1.63623
0.178711
0.358491
2.05067
1.56495
1.38458
4.23963
-0.704828
0.937354
0.254067
1.14843
-1.95738
0.145742
-1.06306
2.6455
1.48332
1.34924
0.701847
-1.1013
-1.5301
2.14628
1.92881
2.10726
2.2535
3.85109
-0.247249
-1.43341
1.68794
-0.974132
2.77285
-0.441929
0.50998
0.864284
1.22604
-1.06927
-0.738603
2.49849
-0.741331
-0.622835
5.80867
1.89404
-1.05905
2.52516
1.95176
0.418233
2.90781
0.296916
-0.1727
2.2602
0.401061
-0.513968
0.0767999
-0.881764
-1.32301
3.6998
1.49017
-0.466127
2.90594
2.38503
0.483554
-0.0484391
0.273459
0.670958
0.18702
-1.90789
0.281145
0.970801
-1.3766
-0.552818
-0.181369
0.614497
2.46581
0.886434
-0.486393
-1.28233
3.545
3.60563
1.65807
0.228421
1.96787
2.5885
-0.218259
2.55553
-3.84006
1.00281
1.84902
1.36145
1.93064
2.9007
2.02925
0.757517
-0.526999
-1.80037
0.490655
2.29864
-0.70059
1.95507
-0.573338
-0.397883
1.29833
1.01434
1.78865
2.79785
-0.657195
1.09761
1.25987
3.82896
3.75971
2.49353
3.09713
3.52365
1.63263
-0.112535
4.38296
0.989664
0.124532
-0.745946
4.13679
0.552848
2.64204
1.72841
1.99099
1.43599
1.46005
-0.293477
1.59351
0.248824
1.5119
3.20683
-0.0551004
0.700811
0.26947
0.766135
0.0254284
0.983224
-1.66509
3.22015
-0.987822
3.65161
-0.376962
0.323674
1.69854
0.780721
0.767147
1.1185
-0.0556491
-1.5413
3.06534
2.46302
-1.6139
-1.20765
2.04361
-1.36238
3.01449
1.21101
0.352062
2.92177
1.10034
1.59422
-1.18407
-1.46996
0.0253538
0.953306
1.48557
-0.108939
1.24252
0.322194
3.7817
0.720748
1.37907
0.530481
-0.971461
0.394025
-0.0167271
2.78063
0.315863
0.609774
1.16844
0.612327
1.08782
0.12838
-0.691167
2.27033
1.95647
1.00957
-0.520766
2.11527
1.20434
-2.90553
1.93394
2.05956
1.20382
2.2072
2.29809
-1.41568
0.0387159
-0.337587
4.54201
0.783294
0.85113
-0.741567
1.95877
-0.699201
0.30635
1.82569
2.15424
-0.21999
2.76248
1.48033
1.3273
-2.68321
0.877456
2.0192
1.54328
-1.54807
0.479592
3.9781
3.63146
2.04744
0.930424
2.5355
1.48155
-1.09547
5.42797
1.06738
0.445707
0.93664
1.31502
0.165118
-0.764776
3.23029
1.73948
1.35435
3.45483
1.74952
-1.91799
-0.873551
3.42438
0.543472
-0.527729
3.61853
2.69152
1.9377
0.469766
0.457357
2.5817
-0.218586
1.10946
-2.39104
1.56097
-0.0569581
2.15439
0.523316
-1.56801
1.73098
0.311631
-3.34848
2.40168
-1.83521
0.578537
2.65603
3.11706
1.92475
0.331954
1.11604
0.149328
-1.26907
2.8582
1.93687
3.29053
2.49021
0.861924
-0.745918
0.136743
1.05865
1.40868
0.295366
1.67837
0.737153
1.51352
1.02655
0.0976819
-1.17261
1.36864
-0.118959
1.0508
3.41698
-2.07844
2.02265
1.46865
-1.49246
3.82827
3.62285
-2.28561
-0.160201
-1.62013
1.71854
0.688698
0.745264
1.9514
2.28227
1.03881
0.37976
-0.924566
1.28749
2.2194
0.183406
1.91671
2.48556
-0.910081
3.02831
2.19644
1.06833
2.20604
0.749286
1.31558
1.95459
0.598619
0.991646
-2.14503
3.6315
3.68458
0.786226
2.34982
0.733516
-0.579299
-2.19333
0.612212
3.5614
0.898805
3.97827
1.33473
0.210747
3.1235
3.54835
0.944064
0.621318
2.3984
2.47241
2.50687
2.38875
1.38736
0.532831
-0.034782
1.10395
2.28359
-0.0397357
0.610065
0.872574
1.02808
2.04231
1.89491
2.71136
-1.17522
2.39956
-0.393147
-0.821118
-0.719168
2.36617
-1.90875
1.27079
0.492254
0.769705
4.51207
-1.49329
0.927026
3.3586
1.1382
3.72058
1.93362
-0.833347
-4.05376
2.09493
1.32473
1.33353
-1.67319
-1.34949
0.150553
2.23079
-1.85449
-1.30824
-1.04496
1.75139
1.14853
0.286942
-0.474328
1.48819
0.998348
0.188817
2.39577
0.152793
0.612018
-0.680565
-1.42529
-0.759742
1.28525
2.66136
-0.956417
3.46521
3.28777
0.984171
2.63127
0.764622
1.45733
2.24947
-0.128717
1.61535
2.47627
1.16417
1.73195
2.15722
1.65995
-0.251736
-0.488818
1.76245
1.56442
1.25997
-0.48544
0.178789
-0.408608
2.31868
2.14914
0.862125
1.88085
-2.40687
2.54748
3.04391
1.58758
1.99657
0.748274
2.02346
-0.880919
0.96231
0.954987
0.107779
0.814959
2.90944
-0.106531
1.59532
2.30628
0.0337621
-0.910488
1.27564
-4.07088
0.472592
0.106656
-0.019248
4.48374
1.85504
0.244915
1.53984
2.63457
-1.32962
-1.50328
2.12109
3.11572
0.787431
1.43066
1.03222
1.34584
1.72279
1.70411
0.233148
-0.164467
4.19943
2.06585
3.03952
-0.343774
1.70203
-1.14089
2.01651
2.77277
-1.04994
2.00174
0.751426
2.97736
0.135863
2.19597
1.20412
2.62601
1.60713
3.60986
-0.516981
2.45119
2.91303
0.618861
-0.78684
4.50958
2.37423
0.916705
-0.784466
1.3959
1.49082
1.33323
2.96493
0.720077
2.29773
0.285017
1.86251
0.934685
0.23683
2.09802
2.55362
1.23387
1.28328
-0.611145
2.07627
1.87083
-1.7968
-1.78191
-0.884338
0.941063
3.19146
2.57348
-1.14405
-0.552015
-0.712602
-0.554762
-0.732085
3.9935
-0.777257
1.90283
1.55749
2.61976
2.41247
3.1358
-2.24264
3.12444
0.918705
-0.343925
4.50432
4.01325
0.111059
1.50502
1.18425
3.89524
1.73198
-0.566529
-1.09111
-0.834058
2.93359
0.683325
2.87359
2.7456
-1.15946
0.983648
2.01075
1.06975
0.723314
3.01862
1.42609
2.8458
0.843556
2.12132
0.0467582
1.30489
2.12842
0.927794
1.42247
0.0788933
0.104617
-1.73402
0.129319
-1.64923
-0.845228
-1.79582
1.17414
-0.299079
0.197743
1.52453
-0.709302
1.41315
0.131786
1.80116
0.477555
4.13326
-0.985281
1.21753
-2.14863
2.89078
1.85083
-0.0460775
2.51597
0.184867
3.46382
2.43697
2.49052
1.52946
1.28674
-0.628881
1.35044
0.881893
1.48923
1.12774
2.92582
1.24924
4.09881
2.21091
3.99809
4.12551
-0.325588
2.51434
-2.18286
1.73328
2.82598
0.599033
-1.14457
2.27202
0.944586
0.0751274
0.404614
1.55292
1.36308
-0.674214
0.611345
0.56676
1.31203
0.849799
0.303137
2.95814
-2.22397
3.24311
1.90681
0.937601
3.56768
2.38556
3.79654
1.93668
1.43057
0.261267
-0.398684
0.975434
1.41723
2.84958
1.47707
-0.745772
1.46545
1.02324
-1.96108
-1.50311
2.19135
-0.616223
-0.522174
3.95132
0.998752
-2.89916
-1.88401
3.02743
0.971438
3.38776
3.04892
1.71633
-2.34583
2.75242
-0.0846269
-1.62716
2.55405
-0.316951
1.34222
3.32401
3.9686
2.59935
1.51074
1.15475
-0.300301
-0.0872585
1.55768
3.34114
-0.732359
1.33475
0.766427
3.41172
2.5035
2.66988
2.07055
1.93104
0.00533533
2.95927
-0.853268
-0.0777063
3.09874
1.7371
2.31907
3.07195
2.9458
-0.619965
-0.973638
1.60338
2.45166
2.22246
4.06136
-1.49836
1.5514
2.97756
2.88948
2.14454
4.11463
1.29605
4.14924
-0.473186
2.34506
3.90837
1.31034
4.37401
2.61035
0.963914
-1.53171
1.64208
1.05375
1.86603
1.20341
-0.588568
1.47124
1.81584
-0.497294
-0.439237
0.979247
0.00596709
3.72946
2.10147
1.48165
-2.60913
0.830537
-0.336028
1.6945
0.257815
1.00009
-0.00253259
0.0882435
1.60062
2.08482
0.898844
0.237448
3.15916
-1.65195
0.258941
1.26705
1.31166
2.41006
0.434052
-0.986848
-0.539889
1.67093
4.14215
-0.511415
-0.307344
0.672707
1.18799
2.59214
-0.23337
-0.288813
1.08613
3.13468
2.14743
-0.480144
1.6212
1.98455
1.88877
-0.433272
-0.3987
0.203157
1.76131
1.47964
2.57015
1.11995
-0.537114
2.31171
-3.32327
1.31908
-2.9807
-0.382785
0.0540435
0.498637
1.95529
1.72589
0.998838
0.107736
4.75984
-0.25132
2.52529
1.9648
-1.56076
1.91198
1.11189
0.314361
-1.08006
0.274589
-0.246511
1.64061
-0.881714
-0.139214
1.51608
1.22592
0.867432
-0.431469
-1.07571
1.93975
0.228633
2.03501
0.908487
-1.76079
3.53586
1.63542
-0.979369
-0.21724
3.05269
-0.0495508
0.158997
1.24722
1.87573
0.841593
1.78846
-0.0727553
1.80862
1.24487
-0.379441
1.53865
1.38569
-2.72996
2.71647
2.03368
0.951767
-1.48719
0.572137
1.08505
0.266405
1.46346
2.82317
1.47372
-0.721244
-1.19862
1.25888
0.821589
-2.15216
2.85909
0.850062
0.986259
-1.84696
3.29098
1.57017
3.4826
2.22257
-1.65365
1.64038
1.37212
2.60227
-0.986101
2.50643
1.79636
0.0143481
2.32989
-0.472843
-0.338384
1.02139
0.413537
1.49698
0.538285
1.18653
1.79743
1.6981
1.76565
1.55792
0.611828
-0.676592
-0.808004
3.41861
-1.30372
2.47013
0.783135
-0.371335
2.92973
3.04655
0.591573
-1.54544
-1.05082
1.44615
2.77067
-0.779042
1.5904
1.45448
0.692875
0.677151
-1.24756
0.0600919
0.657925
-1.54304
-0.93867
0.650442
2.20912
-0.129085
4.06467
-0.316866
-0.321914
1.80683
2.78268
0.416426
-0.534779
1.95389
2.16979
-1.6267
0.342975
-0.256747
1.75305
0.080461
2.0924
4.45832
1.54264
-1.1621
0.284973
0.0487969
4.20669
2.32721
-0.851315
0.519172
3.25274
0.896773
2.87411
-0.119296
2.54351
0.337393
1.1229
3.5621
-1.67578
-1.31513
0.85169
-0.497644
-2.7914
1.0731
1.4077
0.365516
3.60956
-0.131521
1.2653
-0.173092
0.36829
4.54961
3.66214
1.45584
1.69315
-0.280152
-1.05057
1.92286
1.76157
-3.11376
2.95335
3.49682
1.35285
-0.944297
-0.441145
1.01082
-0.26055
2.00122
0.502163
0.986568
2.35776
2.78287
0.871737
0.914268
-0.467564
2.48804
2.9959
2.68784
3.44855
4.62288
1.22118
3.58677
-0.549499
0.869189
2.27135
0.133484
1.97209
3.13584
1.57334
2.39432
-0.117625
1.12965
1.7569
-1.69287
0.808238
-0.38617
2.55641
1.33679
-0.666017
1.22645
-0.391556
1.45362
0.00657226
0.519443
1.99557
0.398731
0.710892
2.39707
0.0293223
1.63404
4.47898
2.53467
-0.483352
1.42362
2.71051
3.24442
2.42916
0.0195983
0.233516
3.78554
-0.0648326
0.744992
-1.2354
0.883085
2.75826
2.0904
-0.905155
-1.06835
0.699987
-0.861823
0.335903
-0.604821
-0.570598
2.24028
2.47454
3.14531
4.4804
-0.334123
1.18616
1.25621
-1.1885
0.913458
0.501883
5.20446
-2.93432
-1.74219
-1.96385
1.0592
0.947528
0.799707
1.31607
-0.00143423
5.41843
1.57256
1.28748
4.38388
1.11704
-0.238858
1.85865
2.78646
2.72654
2.39612
0.795931
1.33167
2.90362
2.1631
3.49556
1.29873
0.463016
-1.35931
1.99485
0.905661
0.319721
2.58249
2.07478
0.367914
-0.41131
0.781232
1.13587
-0.780927
3.39354
0.450051
1.96775
4.8206
2.08533
-0.639495
0.163274
1.59405
-0.205289
0.353991
0.673334
0.130402
4.19883
-2.95353
-0.473883
0.714899
-0.453749
2.65941
0.91202
-0.14165
0.397672
0.440146
-1.46005
2.33137
0.661365
4.86188
0.119684
0.206301
2.39483
3.5274
1.0901
2.06472
2.63783
4.33705
2.3893
0.689775
0.778084
-0.905342
0.200664
-0.389036
0.237216
-0.165474
-0.314611
-2.10131
-3.01351
2.08804
1.12473
0.680071
1.97838
0.00264072
0.140336
0.849811
-1.02539
1.30815
-1.45849
0.246333
-1.95176
4.95957
2.6922
4.58854
1.18845
1.88649
0.644276
2.77412
1.14532
2.2849
0.433233
1.74367
1.96315
0.418903
2.63283
3.29784
-0.69112
0.0526929
3.48065
-0.179187
-1.18482
2.80283
1.30067
-0.0300338
2.25129
0.709156
2.90218
-0.66293
2.49445
1.77031
1.30636
2.04845
-1.25942
0.925071
-0.185693
1.48218
-1.39626
0.293545
-0.0728875
-0.737066
1.75207
-0.902556
-1.9587
1.1033
0.634175
-1.01068
2.31623
1.81361
5.46913
2.50065
0.313869
2.31967
1.11764
1.10673
1.17876
2.41251
-1.20881
1.28285
2.19565
0.440635
3.61602
1.03186
1.85723
-0.475961
1.20542
2.41509
0.170824
0.299124
1.2624
-0.420569
3.04586
2.9274
0.278725
2.05257
0.59618
-0.554601
1.06837
3.07317
1.33193
1.12443
0.520179
0.477068
3.84721
-0.437485
2.92091
-0.520572
0.753418
-1.93668
1.79889
2.86037
0.990229
-1.08368
-0.758976
0.5405
1.1829
3.14898
2.7949
1.7004
0.269381
5.57198
2.38917
0.355157
2.08735
3.47226
1.55283
1.57725
0.317097
0.440963
2.25872
0.486894
-1.0031
2.94563
1.73702
4.96274
1.57838
-0.0794431
-0.205287
1.96809
4.38442
1.75841
1.95235
-0.583535
-0.257113
2.29273
2.04864
-1.63767
3.541
1.61216
6.96553
-2.14288
-0.701132
-3.33985
-1.19594
2.46723
1.29708
-1.35052
0.212524
2.63491
2.83656
0.940515
-0.489059
-0.242573
-0.307976
1.25253
0.632978
0.115852
1.47698
2.78934
-0.738125
3.11512
-0.545229
2.14373
-0.433138
2.52071
-0.329264
2.13093
-0.571144
2.25496
2.63388
-1.02507
3.48255
-0.168486
-0.350306
0.702796
-0.25558
0.60215
-1.39703
-2.00113
2.59132
-0.887284
-0.583703
3.11978
-0.0179758
-0.416408
0.818508
1.99721
1.51027
2.04689
0.161954
1.06895
0.660409
-0.48357
1.77081
1.33088
0.514758
1.42338
0.718172
0.733044
-1.02913
1.97766
0.149496
-1.03216
1.5548
1.71396
-1.20554
2.61437
1.91316
3.47051
3.86303
1.68385
-0.31086
2.18683
2.57803
1.02365
4.24554
1.42547
-0.306968
2.90409
-1.63441
0.133466
1.7054
0.523669
0.0928626
0.585525
2.20934
0.610559
0.0235964
0.225016
-0.708982
1.16746
2.60296
0.355955
-0.394446
1.45443
0.500939
1.97278
2.125
1.12415
2.37172
1.62484
0.122646
-0.97411
-1.05589
-0.0378205
-1.77825
0.56109
0.375482
4.92168
1.47805
3.3389
2.02556
1.98662
2.23061
-0.529927
3.12922
-3.96448
-0.161072
-0.550706
2.46721
-1.28932
0.27914
0.495909
2.04805
4.29767
-0.488296
-2.1299
-2.0589
-0.523744
3.29393
0.671852
1.89168
1.54036
1.69646
-0.671423
0.358031
-2.56248
0.731828
2.67803
1.41702
0.817344
-0.16494
0.657173
0.0827593
0.364963
-0.180368
1.18851
-1.32391
1.91363
-0.0968008
1.63622
0.301976
1.23498
0.689066
0.449519
-2.31874
-0.905756
1.03585
0.456177
2.83543
-0.248581
2.00955
0.0517964
3.75581
1.68381
3.36967
0.540663
2.4083
2.00937
2.90782
0.0464899
2.06133
0.565107
0.362166
3.41165
4.46397
0.48233
3.26205
0.340451
-0.251235
-1.98384
-0.311413
1.20855
0.30705
1.62302
2.77934
-2.13668
0.917065
2.97585
1.81171
-0.00336383
0.189217
0.930376
1.76298
0.948802
-1.41906
0.440233
3.03693
2.91895
0.629156
0.225197
-0.379853
3.07015
-1.32578
-0.712645
-0.0727519
-0.625797
1.65166
1.24107
0.663802
-0.053519
2.86679
2.09686
0.485602
1.36374
0.927654
4.29249
1.14329
0.440688
0.397596
-1.55984
0.840213
0.424697
-0.129612
-0.343306
1.85045
3.14608
0.472455
1.34396
2.60493
2.31343
-0.453924
0.438101
2.67003
3.85151
0.576861
-1.07596
-1.17286
0.969282
2.3201
-1.19941
3.14491
-2.79552
-1.18435
0.58642
0.313849
3.04314
0.343924
-0.634048
0.568154
1.80433
-0.884613
-1.79996
1.91997
0.982683
-0.504097
-0.430223
-0.835402
2.28468
1.77959
1.20371
0.977987
1.61034
0.432807
0.0520949
0.867927
1.67124
2.09627
3.28188
3.02174
1.30622
1.53503
2.56163
-0.615224
-0.934273
1.81143
2.01873
2.42734
0.543652
2.50183
-0.270511
0.910872
-1.42716
-3.628
1.73559
2.01282
1.83783
-0.0962273
0.628258
1.38936
1.58008
3.70634
0.72481
2.97841
0.454107
-0.0342728
-0.161324
1.34047
2.70829
-0.490532
3.48363
1.99895
-0.130268
-1.8928
0.530172
-1.54601
2.02325
1.98314
0.224164
0.437656
1.31052
3.3865
1.96735
-0.522497
2.68876
0.427871
1.1985
3.66417
0.351681
-1.44103
-1.99412
0.850382
0.400819
1.93314
2.32619
0.189599
-1.51952
0.343485
2.42164
3.51373
0.948916
1.80717
0.375526
0.524329
1.06031
-0.605459
0.319966
-2.02025
2.23565
-0.514275
-1.6736
-0.0839463
0.55318
2.73365
1.60923
0.891165
1.87479
-0.391907
-0.27632
0.958687
2.32985
2.66089
-0.133014
1.21169
-0.0572832
1.57095
0.0963877
1.29029
1.74839
2.24333
-1.12624
2.53635
2.83906
1.55202
2.85617
1.46796
-0.49164
0.0668682
-1.55045
3.32012
2.05769
2.1584
2.69398
1.04827
-0.623125
-1.24433
2.14649
1.23219
-0.170699
0.75314
2.71203
-0.749876
3.02096
1.67488
1.83538
0.543981
0.352233
0.151169
1.18203
1.08576
1.28045
0.856786
3.86184
0.26249
-2.31434
-0.154477
2.79056
1.3006
1.7739
2.79727
3.69757
-0.418252
0.0786021
-0.88484
0.234556
3.09066
2.49593
1.48937
0.933036
0.434639
-0.638186
0.0825145
-0.0135214
0.296081
0.407069
1.92506
2.63705
4.5933
3.31759
0.0734393
3.27504
0.115124
1.45626
1.27542
-0.180513
1.35242
-0.525837
0.596032
-1.43876
1.63686
1.38027
0.205475
0.995872
-0.413808
1.46298
-3.07726
4.60515
0.522509
-1.52285
2.81877
2.06249
1.51464
-1.43955
1.50338
1.55392
1.31737
-0.350644
1.18567
2.73556
-1.07551
-1.20182
0.469241
-0.327414
2.47503
2.88738
1.22914
0.213641
2.509
2.10191
-2.07472
0.104082
-0.914122
3.02823
2.71038
-0.761196
-0.281384
0.647179
2.08037
3.10742
1.15779
2.86348
2.4667
1.59477
2.10031
2.38513
0.643876
1.42077
-0.115422
-1.77634
0.990524
2.10819
1.4741
0.543374
0.500011
0.792014
0.639705
0.0793523
0.858218
3.38639
3.83743
0.275917
3.45743
-0.238473
1.9023
-2.35615
0.227062
-1.6916
2.00997
1.49258
1.43379
1.22421
0.263197
0.33421
0.154518
0.33481
1.1919
4.6677
1.26333
1.37462
2.06279
-2.22428
2.94417
1.56385
3.12301
-0.907288
0.249458
0.339037
0.228702
2.26431
1.65676
1.12274
0.547868
0.120875
0.620621
1.28005
0.651193
-0.822105
2.61132
4.09081
-0.590426
3.79972
0.853863
1.34908
0.550746
2.96899
-1.14002
4.67177
-1.88075
1.61556
1.74564
2.23921
1.41335
0.974262
-1.42671
-0.682315
-1.34844
1.09682
3.61642
1.09959
0.183471
2.65512
2.34682
1.6646
-0.735928
-0.158619
1.06869
2.36658
2.5669
1.71612
4.05614
0.987053
-0.696175
3.49376
3.99325
-1.5998
0.742069
1.23788
3.80776
2.81544
0.409956
2.61711
-0.377731
0.68605
3.07092
3.87462
0.870419
2.09118
0.0469412
1.76046
0.0394672
-0.14518
-1.37969
1.73607
2.1004
-0.579427
0.0981572
1.60496
1.0572
2.28001
0.524876
1.23623
0.939485
-0.0825687
2.25356
3.36174
1.72127
2.13512
-2.41844
0.767758
-1.60012
-1.97639
1.00545
1.33799
2.97014
-0.616757
2.01772
0.256617
2.17522
0.275711
-1.74021
-0.728829
2.03222
3.31303
-0.242535
-2.27831
-0.105777
2.13809
1.94946
0.604415
1.27646
0.913605
0.512263
-0.629076
1.49659
0.938015
0.84528
0.146133
-1.48116
1.76979
1.33727
0.345669
3.48831
0.006307
0.0200403
1.99852
1.61433
4.64894
-1.16731
-3.78245
2.00019
1.23901
0.319066
1.20641
-0.911865
1.60142
2.31986
1.32931
0.351581
0.872137
2.42278
2.76456
-0.447993
1.55002
-0.94183
0.361537
0.229571
1.10386
1.44216
0.23487
1.13614
2.47694
-0.176347
3.70026
2.77004
2.93012
-0.424693
0.144531
1.0119
-0.25922
-0.433797
3.13167
0.574374
0.31924
0.909408
3.21753
-0.483946
0.568724
1.6113
0.445477
0.268218
0.997901
2.385
1.2661
0.0554896
-0.857903
3.8726
1.19749
1.42518
-1.83467
-0.50148
1.89499
0.376349
-0.237436
5.45404
1.16356
-0.0904455
0.26021
-0.444437
1.88028
3.25188
0.0759207
1.96055
0.83146
1.35309
3.04546
2.22839
2.45224
-0.162838
-0.086803
0.610952
1.70197
0.595257
2.55507
1.62896
0.301911
0.408329
3.27645
2.35278
1.74251
-0.657031
3.77845
1.51617
1.38409
0.270537
3.71407
-0.542951
5.64574
3.09172
1.79674
-2.86153
2.24744
0.877798
-0.169986
2.07129
2.81295
2.08317
-0.610225
1.88002
2.71239
0.607095
1.74736
1.99664
-0.780198
1.1326
2.79881
2.67335
0.530051
1.94679
4.53807
2.88417
1.44876
0.561757
1.00713
1.11454
-2.22985
-2.28605
0.253134
0.114121
0.958677
0.789693
-0.0126825
1.58776
-0.552593
0.191521
3.22371
0.318088
1.53834
0.899943
1.53234
1.82379
2.5715
-2.38058
-0.187498
1.536
-0.938822
-0.35856
0.557153
2.36393
1.9399
1.8387
0.593749
0.1556
1.17989
-1.25457
2.02953
-1.7946
2.16367
1.93712
1.63034
2.66719
-1.04007
3.89224
2.03689
1.05817
3.28337
-1.80305
0.522814
1.45243
4.22767
1.22827
-0.456722
2.27326
1.63569
1.6017
1.93753
4.599
2.54253
2.67594
-0.84144
2.36827
1.09084
2.58569
2.23627
2.12031
0.84813
2.86675
-0.447166
-1.00801
2.64866
1.98339
3.40333
2.276
-0.175663
0.496039
-1.20063
1.07457
0.317118
1.08552
4.00207
1.86497
-0.791875
2.83235
0.808124
-0.244339
1.62695
-1.1094
-0.826094
0.978222
0.0170187
-1.57517
1.74993
-0.0337677
0.724408
1.64107
-0.337342
0.276171
1.39775
-0.601057
-0.186837
0.190196
-1.31251
1.32038
1.20628
-0.857819
0.488543
1.96793
-1.06383
0.426944
2.04635
2.25625
5.30837
-0.0246637
0.65712
0.896738
1.59789
-1.76711
-1.48918
-1.06725
3.1696
-1.12576
3.07593
3.76823
-0.0345472
2.31326
1.86145
-0.935555
-1.78343
2.58997
2.52682
-0.162478
-2.44133
0.325938
1.23084
2.41067
0.206891
0.571059
1.78235
-0.758135
0.664742
2.11336
0.257639
0.349439
1.85479
0.054394
1.28651
2.06631
1.73844
-0.871024
0.392952
4.51889
0.623156
-2.7103
0.866144
0.127167
-0.544157
-0.883508
-2.56505
-0.524811
0.520224
4.41077
-1.65752
-0.281373
2.08187
0.857964
2.12844
1.88441
0.294874
0.385455
0.124252
1.47821
1.70191
1.28679
3.55368
1.36668
0.0966332
2.68196
-0.481986
0.533965
1.93909
-0.766275
-0.366754
1.1854
1.53489
0.764369
0.866099
0.281018
0.34952
0.631405
-0.620153
4.36143
1.87476
0.355757
-0.646426
0.93205
-1.98501
1.3741
-0.372937
-0.272609
1.70994
2.1335
0.843337
2.8036
1.14059
2.88195
2.11476
2.76717
1.52015
-0.189652
1.4676
1.29864
2.56019
2.12227
0.544248
2.62448
-0.652216
1.29473
-0.672211
3.25435
1.27547
0.0707283
2.1952
0.346375
1.19016
1.1897
1.93758
1.50591
-1.19529
2.69608
1.45653
2.01709
-0.0163662
-2.36711
1.29046
1.42354
2.65114
0.996546
3.91241
0.0851547
0.0601846
2.16259
0.825505
0.810104
0.319009
-0.0321708
1.11452
-0.226658
3.52584
0.0942279
-0.0500209
1.26137
1.14787
1.49123
2.77429
0.798819
0.555994
-0.383563
3.83171
1.34948
2.08966
1.70381
1.62177
2.69462
2.3394
-2.36461
2.61088
1.91513
0.136237
3.49203
-0.129076
-0.266955
1.17987
1.46378
2.4175
0.96235
0.236621
1.35236
-0.310323
3.22907
2.80781
0.0143565
1.17341
1.61913
-1.5425
0.590809
1.31576
-2.00303
2.10306
2.41287
1.94397
-2.11342
1.59088
2.9849
1.98026
3.14199
0.0575797
-1.26312
-0.905988
0.822636
1.13192
4.15814
0.380875
-0.256113
0.37551
0.240208
2.13519
0.916036
2.93342
4.35665
2.01039
2.82826
0.956967
0.135351
2.83591
1.66548
0.00721559
2.32236
-2.79601
0.783787
-1.34712
3.97089
0.954298
-0.623263
0.865502
2.76143
1.89268
-1.84702
0.482766
-0.341603
0.9715
-1.94358
0.0861546
3.13265
2.06606
-1.51343
1.03252
3.31545
-1.70119
0.698799
-0.446518
0.215315
3.24431
0.610796
2.06031
-1.44946
1.37395
0.90426
1.26975
-0.448698
2.40585
-0.0176318
3.10405
0.703918
-1.25075
1.86573
0.301731
2.82683
-2.50304
-0.153408
3.01447
1.38168
-0.376087
-0.623248
0.403958
1.92102
1.49844
-0.879556
2.64331
-0.979978
4.15037
0.725181
1.09647
2.82436
0.837899
1.50311
2.54865
4.33361
1.78947
0.923953
0.490072
1.42654
1.27044
1.03793
-1.90911
0.67498
0.525064
2.68328
-1.86468
2.89969
2.1529
0.520844
1.29208
-1.30361
2.29689
0.150817
2.49589
-0.284282
1.20071
-0.351906
1.70119
3.83187
1.11373
1.34349
-0.23811
2.94967
1.22898
-0.936891
1.44289
2.52346
2.06311
1.64372
1.29298
-0.222551
2.04995
-1.04093
0.74633
1.65714
4.58557
0.138582
-0.218974
1.58698
-1.15948
-0.0985768
0.324735
1.16149
0.0150963
1.0494
0.569874
-0.413822
2.22246
-0.574763
2.55191
1.20255
-1.67236
-2.1511
0.967497
-0.554195
-2.72381
1.55316
1.42483
0.275723
0.98713
0.742202
0.72775
0.90891
0.644566
3.83443
-1.01096
-1.68176
0.783702
2.59789
1.87866
0.662835
-1.04702
-0.0959524
0.993754
0.762162
-2.69696
0.754444
-1.8711
1.4422
1.32599
0.180177
3.21974
2.04338
0.0424343
1.24743
0.603271
0.713511
0.703293
-0.43972
1.57414
2.58061
0.0194685
0.749101
-1.94358
1.87879
2.21692
1.61932
-3.28635
0.164026
0.883665
1.37608
2.06632
0.495836
2.89156
2.21299
1.86853
-0.157671
1.42075
1.72251
2.45673
-1.08828
0.737115
2.78815
1.70548
-0.924754
1.00652
0.271566
2.32318
-0.989321
-1.93796
1.98202
2.96066
1.78703
2.81377
2.53611
-1.3851
0.964983
4.00489
-0.577744
1.0291
1.76345
1.43846
0.278895
1.55303
3.35107
-0.620107
0.891155
1.11474
1.05498
0.213174
3.48456
1.71133
1.24928
1.73099
-0.245362
0.738685
6.00848
0.603695
1.07947
0.960025
3.00454
-0.446643
-1.5355
1.63559
2.4475
2.16696
-0.197362
-2.04716
4.64166
-0.613359
0.949676
-1.02855
2.40677
2.59268
-3.10622
0.661269
2.9315
-0.0337054
-0.947769
0.659121
1.61666
0.735019
1.69048
2.85895
2.67297
2.47374
1.88549
0.599773
-0.209153
-0.222154
1.74436
2.96907
-0.741753
2.81378
-2.73388
0.831715
-1.0654
0.0538367
2.67031
-2.70457
4.52834
-1.60068
3.32574
1.81169
2.36538
0.16869
1.34464
0.73277
-0.635181
0.211674
1.21349
0.608387
3.19655
-0.326894
0.674443
-0.0448987
0.389642
2.76656
1.38917
0.943679
3.26568
0.298865
0.526299
3.21904
0.40336
1.79198
0.307994
-1.69342
-0.444291
2.49474
4.27399
2.0709
2.42076
-0.172964
1.74927
1.38159
0.0586441
1.592
0.800025
1.31017
1.82994
0.182148
1.98483
3.13464
2.53078
0.872264
-0.102038
3.05687
-2.28439
-1.01491
1.09233
-0.431007
-0.23136
2.08575
2.22184
2.51257
-0.480322
-0.377454
0.782027
1.68606
3.45342
2.06448
0.469296
-1.48633
0.818623
0.230091
0.453939
3.49918
-2.90158
-2.33835
0.412501
1.26235
3.75252
-1.17238
1.89902
-0.493019
-0.489597
0.291229
1.61064
0.234518
1.45021
2.30745
3.13808
0.185943
-0.93993
2.64052
1.89781
-2.46652
0.757528
1.19616
1.47467
-1.94559
0.0228479
2.41017
0.597046
1.50297
2.62807
1.77489
3.77509
-0.147799
0.54491
1.70453
0.448594
1.39606
2.1863
1.8023
0.875649
4.05448
3.36035
0.476832
-0.237196
-0.104034
-0.518343
0.0319321
2.09513
-0.713734
1.65005
0.746408
1.6844
1.87783
2.04733
0.666157
0.322422
-1.56475
0.411878
-0.344306
3.723
2.04098
2.199
2.92998
-0.999989
1.02692
2.19697
1.45778
0.119094
1.78188
-0.833683
3.96608
1.09662
0.976297
1.35075
3.98938
-2.63367
3.70279
-1.49814
2.71812
1.14424
4.73245
0.318116
-0.49845
1.99262
0.704981
0.502549
-1.48088
0.69264
6.28554
1.83032
-0.480991
-2.41244
0.803237
0.361026
-0.24176
0.134099
4.67684
1.38262
1.1985
2.4086
-0.441227
0.230239
-0.742957
0.856362
0.454427
2.55986
2.73705
0.53186
1.34762
-0.943494
2.74835
3.56452
0.2505
0.749775
2.48964
1.96582
2.53539
-1.38855
2.73496
1.11915
0.0630316
3.1703
-0.333075
4.42199
3.56027
-1.80238
1.93704
-0.714843
1.6798
2.32417
1.48007
0.625634
-1.87635
-0.482874
2.90743
-0.101745
1.15131
2.93113
0.627472
3.07541
2.44381
2.20705
3.02737
1.58743
-0.0292221
2.02471
1.43989
1.83985
0.897137
0.497553
1.73259
-2.85911
1.36388
-0.291069
-1.12339
3.93838
1.05744
2.87898
1.54541
4.57644
-0.672314
1.03439
-1.11116
1.42756
0.954322
1.86754
3.20981
0.0108638
1.36701
-1.18082
0.673024
-1.00425
1.52644
0.184783
1.78326
0.680103
0.562935
2.44507
-0.140863
-1.2183
0.152241
1.85474
-0.647291
0.989532
1.00418
0.135065
-0.0562771
0.435324
2.32106
-0.332114
0.59076
3.01048
-0.196764
2.48196
0.696425
2.86927
0.91668
2.53987
0.790262
0.0443974
-1.09015
-1.46648
3.45654
2.96206
-0.593936
1.2083
0.813605
2.15317
-1.50917
0.203999
1.1585
2.64729
0.445574
-1.24773
2.30147
-1.26528
2.18285
-1.09639
3.75176
3.36013
0.573454
2.93531
2.58432
3.10265
3.16202
0.383024
-0.559568
-0.935099
3.14061
-2.17291
2.55465
0.197083
-0.373529
-0.515276
-0.823176
0.940403
2.91683
1.79039
0.724284
5.23392
-0.586101
0.202961
3.13261
-0.707326
2.09428
0.588612
-0.325814
0.512266
0.600612
-0.312885
1.1561
-0.949413
0.476037
-0.231474
1.80655
-0.0863196
1.76195
-0.193439
1.28307
2.72591
0.444055
1.08589
2.39374
3.53476
2.72984
-1.39616
0.476009
0.722752
0.421102
-1.62227
-0.255547
0.342345
1.11268
-1.43933
1.14359
1.2301
-0.517635
0.140936
-0.294496
0.18601
0.544786
0.954412
-0.915383
1.61024
2.5049
0.728784
2.97653
2.60133
2.26965
-0.0745841
0.819272
1.80845
-0.244784
-1.1273
-0.363635
-0.168543
1.67334
0.461724
1.79399
-0.488517
1.84603
0.0282833
0.797397
2.22655
1.90844
0.152082
-1.55988
-0.793781
1.21148
-0.148906
3.12897
1.17729
1.1759
2.83393
-0.241869
-0.531723
1.17295
1.42619
1.90781
2.08257
-0.18457
-0.539631
3.76158
1.78796
1.3944
-1.2628
1.568
1.85658
3.00452
0.0490052
2.41489
0.119083
2.10965
1.21736
0.843162
0.619234
-1.46516
-0.710115
1.53497
1.02271
0.709346
-0.32403
0.645665
3.59712
2.0107
-0.658977
-0.278775
2.82617
0.342774
2.7043
1.13139
0.341595
0.971384
1.47725
0.81438
1.44311
4.61908
-1.35491
2.40762
0.614441
-1.75944
0.498267
0.205111
-0.992689
1.84297
2.3036
2.29034
0.362742
3.0644
0.948595
1.59522
-0.380613
1.78639
2.67056
1.88371
-0.931681
0.368433
2.24762
2.94793
-2.03444
1.13164
0.625565
-0.102065
3.50392
-0.343523
1.55046
0.861818
1.00926
0.20687
-1.72532
0.922558
3.94582
1.37811
2.79102
1.5515
2.69057
3.05256
-0.231271
-0.118307
-0.423909
1.40517
1.35417
1.43704
1.6461
0.552431
1.10756
1.36896
2.11189
2.96476
1.77098
1.70349
0.811927
0.727648
1.04525
3.22653
0.870413
0.160842
1.59394
2.05232
0.32329
2.35202
3.24462
3.17215
2.91968
-3.64648
1.43923
4.20772
4.2095
1.2743
1.8091
3.97923
3.22795
2.82847
2.43324
1.38533
1.26332
0.164206
1.56395
0.338221
1.01676
0.833182
2.4604
1.13854
-0.000578037
0.656921
1.34683
0.784286
0.354931
2.794
1.86804
2.47429
0.404386
0.410908
2.49171
3.01782
-0.967831
1.72381
1.30962
1.44648
0.0814456
0.522858
-0.0106868
3.56939
3.62961
0.209911
2.59168
3.78816
1.63744
0.787243
4.03691
0.473089
0.342976
0.739291
0.681303
0.560583
1.7006
1.43265
1.58622
2.29346
3.90095
-0.322631
2.79566
-1.62607
1.79621
1.93102
-0.261043
-1.17164
2.66236
4.30834
-0.906958
-1.5309
1.78731
1.50659
1.38272
2.387
0.748249
1.00067
-0.556748
-0.259616
-1.08481
2.50122
-0.0864154
0.975297
-0.144237
2.38727
1.24522
0.872417
4.7154
1.48125
3.06187
0.899234
1.73925
1.82441
-0.232249
1.16928
2.10394
2.6214
1.39327
-1.29188
1.1822
2.87776
-0.801661
1.38886
0.697453
1.05471
1.05138
-0.0051258
0.427131
1.11124
1.09268
5.28987
-0.981592
-0.225789
3.6321
1.30678
0.168679
0.619248
3.50875
1.91482
0.9885
-1.89453
-1.06287
-2.19888
3.26936
2.74017
-0.0119538
1.15646
0.42667
-1.85022
0.503928
2.73381
0.899735
2.26303
0.439265
1.83452
1.22579
1.46687
2.01716
0.204598
0.411913
1.35744
1.32028
-0.519641
2.11224
4.03091
-3.21553
1.14047
2.03797
0.166467
-0.838141
2.00053
-3.83264
4.12499
-1.83417
1.70536
3.79887
-0.841198
-2.28752
0.483901
3.58172
0.627177
2.34408
1.14716
3.4757
3.51868
1.38298
2.53729
0.221016
-0.649249
-1.21628
0.118528
-0.284541
0.363669
-0.683799
3.06774
0.815915
2.30488
-0.00452684
1.65109
0.611491
1.20979
1.80583
0.626077
-0.389964
2.25238
1.16095
-1.14815
0.410467
0.930512
1.3377
1.10374
2.13752
0.984106
1.6922
2.47432
0.16008
0.926725
0.291616
2.5382
1.16231
1.16129
2.90371
0.894949
0.692458
1.05198
3.14906
3.59726
3.04866
1.24769
2.73955
0.546195
0.53489
1.44685
3.54266
-2.12473
3.62717
4.46687
2.08428
-0.58101
-0.0781134
2.02941
-0.24415
0.00534709
-1.4884
0.637605
3.53406
1.65766
0.779451
2.84537
0.993285
0.515987
0.584535
1.2303
1.42325
0.65934
-1.76927
-0.733106
1.16082
3.71439
2.02286
1.7095
1.96406
0.628858
-5.01641
4.26057
3.99586
1.94104
-1.17812
0.725611
0.0209552
-2.09654
0.239833
1.65411
1.09843
1.16671
2.17224
-0.588537
0.698786
2.31851
1.26309
0.443908
1.14711
3.44076
1.35984
-0.39333
-0.565759
3.39618
-0.240084
-0.597674
2.32911
0.994374
-0.734489
1.65997
1.91013
-0.899898
0.809829
0.384221
0.88468
1.8795
2.41918
2.4546
2.21224
1.29388
3.09385
1.43333
2.96925
2.06038
1.07025
3.44366
2.03493
0.484544
0.913692
-0.167551
0.692872
-0.581752
-0.454585
3.49027
2.50287
1.40797
2.22846
-1.11769
1.03732
-1.11159
0.399511
2.0261
2.20381
2.33593
2.17205
3.34639
2.39592
-0.500031
-0.584312
0.773846
1.8706
1.95324
1.4718
2.13564
0.693061
3.46206
0.630851
-1.11477
0.942887
-0.686101
0.676043
-3.09673
1.08155
0.745294
1.91824
2.43132
-0.636661
2.35009
0.258347
3.78333
0.152184
3.21345
2.5288
1.62561
2.39435
1.93869
1.92
0.746581
1.62262
-0.78237
0.124861
2.66272
-2.77074
1.67403
-1.90258
-0.288488
0.633482
3.8219
-0.588371
0.137
1.78167
-4.39113
-0.665035
0.203344
0.196136
-0.568126
3.70664
-0.954063
2.20586
1.87262
1.78517
2.34122
2.66153
2.29798
-0.105238
2.24029
1.37894
1.99081
2.32682
0.536891
-0.250552
1.49012
0.119476
3.02074
-0.564406
1.2813
-0.801066
1.38003
3.31757
2.57663
-1.39636
0.947014
0.138985
2.53154
-2.90824
-1.12831
-0.34569
2.2003
1.36956
3.45111
0.786082
0.308108
1.35403
3.34494
0.494905
-1.07731
2.20629
1.13556
-1.51529
1.66519
2.13977
-0.120363
0.510564
-0.905914
0.659416
0.780106
2.77447
0.501611
1.70992
-0.384358
1.407
0.274928
1.53762
1.35835
1.20089
-0.227251
-0.16559
1.80645
0.0784214
1.12633
2.71402
1.22139
1.66878
1.52017
-1.55971
0.589629
1.0367
0.500135
-0.286683
2.60036
2.39898
0.583365
-0.688204
2.51302
2.81451
0.829946
1.00964
-0.565969
0.7623
1.29354
-1.8143
2.41138
3.10088
-2.48222
2.94197
2.39514
1.18939
0.842207
1.90664
0.397418
0.978356
1.91034
-0.628914
3.11867
0.0996403
0.573991
1.40317
-0.994703
1.80571
2.00922
1.10574
0.928393
2.91776
1.44673
1.66487
-2.62207
1.62263
-2.9925
-0.21599
2.81847
2.03771
-0.172492
2.3347
2.85666
1.44745
2.00523
1.44916
0.111957
-1.25549
-0.380262
-2.16676
0.254367
-0.458161
2.20693
0.581487
1.12701
-0.651642
2.76861
0.461672
1.94267
3.1341
0.991316
2.79977
1.8027
0.395396
2.95441
-0.224357
-2.42085
1.21015
1.39961
1.08114
2.96245
-2.87597
1.06323
0.612661
1.44344
1.45478
1.1998
2.51824
-0.940219
0.644646
-0.78771
1.36219
-1.7718
0.631306
1.33907
0.729731
5.20611
2.79499
1.58566
-0.209179
0.601768
2.39602
2.00208
1.09801
0.344676
0.839032
2.57199
0.558905
-1.80814
-0.706366
-0.369521
-0.48896
2.21521
0.842243
2.85854
-2.00019
2.13593
1.37658
1.66071
1.84062
1.1326
-0.0765783
2.29372
-0.464838
-0.0949155
3.70446
-1.92603
4.3736
4.0001
-1.85836
0.601779
-0.694619
0.063544
1.12587
1.78154
0.0903892
-0.841067
0.918826
2.01899
0.161611
1.2514
1.13217
1.89715
1.51601
1.70059
3.26738
-1.91039
1.09054
2.43603
1.32577
-2.55221
-0.22562
0.611144
0.650746
1.76199
0.181024
-0.462974
3.38658
0.543487
0.533254
-0.245179
1.12581
1.45935
1.69083
2.62512
1.28338
-0.467837
3.032
1.67514
3.83411
0.488569
-0.223278
2.16777
2.65949
-0.216021
0.966017
4.13676
0.829707
3.04673
0.420754
1.98589
0.561154
2.57443
-1.67232
2.23474
0.953519
-0.00837257
1.00793
3.35166
0.947056
0.542432
2.70815
2.84645
3.01043
1.67984
2.56159
3.68912
1.3095
-0.106074
2.43302
0.236461
-1.13053
0.199197
-2.47334
-2.97078
-0.141254
4.55772
0.405125
0.295545
-1.99066
3.37543
2.82908
0.189737
0.693002
1.39103
1.44393
3.49504
0.198858
-0.0705099
3.66735
1.22981
0.159298
-1.17114
1.71117
1.84819
0.764814
1.09848
-1.26552
-0.412357
1.59184
1.11067
-0.517333
1.65695
2.92421
0.494054
2.25483
2.20738
0.762969
-0.265482
-0.653068
-0.726024
-1.98167
1.27913
-2.4377
-0.0674913
1.11138
1.37997
0.144311
0.657017
1.50435
1.28268
2.31201
2.29724
-0.715887
-0.00175048
-0.0635446
3.9687
2.71615
-2.31944
3.76644
-1.23843
4.06651
1.10661
-0.422574
1.02579
5.30413
-1.72872
0.843431
-0.723627
1.5536
-2.201
-0.914454
-1.37427
-0.276841
-0.332346
0.0802409
1.36965
2.19033
2.72323
1.31058
0.158145
0.22325
2.27562
1.34813
2.31407
0.241043
1.13137
1.0135
0.194291
4.00722
-0.569719
1.00359
1.56698
-1.14352
0.814032
0.672169
2.04873
-0.43968
1.01056
0.641993
0.261815
-0.380336
3.03442
1.2811
1.8354
-0.381323
0.0988255
1.06261
2.0374
1.00642
1.10285
0.986568
1.62808
3.42897
2.29489
1.6039
1.4268
-0.874893
1.53798
1.46163
1.99845
1.0422
1.16281
-1.13046
3.07731
-0.763489
2.61124
-1.45926
0.762419
-1.85125
-1.57429
-0.140968
0.579511
-0.0137986
2.10043
-0.558819
2.60416
1.02058
2.45465
-0.962827
-0.388217
1.10559
-1.27774
0.18397
-0.319908
4.09827
4.43269
0.315883
0.764032
1.38249
3.62931
1.51673
1.72747
-1.25631
-1.1089
2.11194
-2.46845
1.95354
2.29381
0.983709
-0.953611
0.957502
1.59997
0.482042
-0.827773
2.48909
0.75286
0.695721
-0.37487
0.407539
2.18045
0.126789
-0.395818
2.01663
0.800599
3.00924
1.54435
0.254223
2.049
1.52237
0.0160929
3.39118
2.0351
1.26617
2.28916
2.07001
1.48043
-1.46101
-1.04396
-0.0797755
1.78271
2.48444
0.0361695
-0.813054
0.0916981
0.569865
4.23877
2.1772
0.695533
1.76641
1.58939
0.902327
6.94376
-1.85501
-0.781475
2.47534
1.86039
-3.82161
-2.41961
2.31529
1.85784
1.6964
2.80549
1.29141
5.92538
2.70059
0.780353
1.71573
0.179111
-0.493751
-0.673855
-1.60679
-0.495068
0.828571
2.01402
1.1633
0.766425
0.671665
2.32432
2.42601
2.57996
3.76639
-0.93145
2.06053
2.05017
3.07667
1.39794
0.111551
1.22134
-2.59192
0.384855
0.00317737
1.82905
1.4182
2.59969
-0.130969
-0.420679
-0.56064
0.646312
-0.141388
0.164449
0.41283
2.0332
-1.64621
0.49602
2.36876
1.284
1.81569
2.54035
0.775752
1.26336
0.939482
1.2429
-0.143733
2.04857
3.09296
2.31617
1.51031
-1.88719
1.46933
0.862739
1.36931
1.8151
-0.747246
-0.601251
-1.24416
1.32933
2.18049
1.41417
1.91122
-1.43405
2.99708
3.0167
2.89596
0.291874
0.0234737
-0.950609
3.69929
-0.24541
1.74359
2.00191
0.827227
2.15458
0.414036
2.6697
-0.674184
0.53487
1.54602
-0.183954
1.16131
-0.525359
1.31159
0.613592
3.11378
0.524766
1.87062
1.15173
-0.395987
-0.265075
2.37236
2.2102
-0.81452
-1.89167
3.04547
2.41976
-1.53838
0.771189
0.250273
4.25082
0.38711
2.08122
1.3604
-0.724885
-1.22838
-1.89612
0.843338
-0.640382
-1.07219
-0.821777
2.52065
0.477203
0.15991
-1.57151
3.39829
0.183956
1.84907
1.60694
0.496906
-0.686549
0.181094
0.851854
1.72941
-1.65279
-1.01859
-0.309937
1.36967
2.66294
0.485203
3.62837
-1.14678
1.19772
-0.493484
-2.12045
-2.93089
0.751773
0.319696
-2.17364
-1.1342
0.71395
0.164317
2.77505
1.47145
-0.297083
3.74995
1.93164
2.88974
2.44205
-1.24647
-0.294379
1.90992
1.68845
0.195507
2.54433
0.28246
0.826081
-2.27803
1.71785
1.87359
1.16847
2.33381
-0.129601
3.86934
2.17713
2.12114
0.0287014
2.77397
1.01162
-0.598622
0.90986
-1.42147
2.11674
0.258155
0.92934
2.66641
1.08776
3.35933
0.326285
1.75347
-2.4188
2.68257
0.334156
0.765171
2.40999
1.79867
-1.10744
0.677314
2.92849
1.72924
-0.467318
2.01885
0.667114
0.223035
3.67727
0.659559
0.722996
-0.134254
0.892784
1.34243
1.06053
0.284114
-0.464834
-0.0367948
3.50597
-1.51582
-0.0730896
2.37765
2.71984
0.580226
0.218561
0.24611
0.935873
0.429843
2.00163
-1.55771
2.45023
0.0527004
0.425458
-0.620266
2.5546
0.166436
2.28423
-2.02151
1.31478
2.38363
1.72489
1.00028
2.03623
-0.67643
2.4567
1.38049
1.11904
0.262814
1.67059
1.39635
2.82439
-1.03429
-1.43802
3.29689
0.705682
1.51256
3.82056
2.27156
1.12593
2.683
2.26151
1.47388
0.10842
0.435156
2.34625
-2.172
0.130301
1.68947
-0.0937086
-0.772892
0.165449
1.23848
-0.0262475
0.738006
1.81733
2.00416
-0.702787
2.52584
-0.0259054
0.309319
-0.325973
-0.101152
-0.0200654
0.0759134
2.03362
1.7606
1.10074
-0.557224
0.804696
1.70906
2.0989
1.11479
0.832691
-0.645253
-1.26309
0.000478195
-1.63831
1.05917
0.560773
3.47146
3.08084
2.25376
3.19223
0.70414
-1.5174
-1.3212
4.23404
2.76063
-0.416505
1.36844
0.77222
-0.0844126
1.36275
1.30498
1.02838
-0.134702
0.145887
2.69659
2.35076
2.67605
2.12931
0.582273
2.21985
-0.273088
-0.676622
2.40938
1.75036
-0.757961
2.31911
-0.996641
0.335902
-1.73457
4.6105
1.51528
-0.368786
-3.1072
-0.87449
4.0416
0.633566
4.00454
0.921109
1.38093
-0.440669
2.46097
1.50642
1.52766
5.19762
-2.21953
1.09077
2.18339
-2.48696
2.29057
5.3038
0.981293
2.05506
-0.81941
-2.26743
2.39605
-1.70684
1.00961
0.901138
-0.729714
0.0919314
-2.63212
1.23782
4.66162
2.81178
0.469832
-0.432514
2.52642
0.371019
1.23785
-0.270839
-0.635253
1.36408
1.61265
-0.674316
2.81776
0.454874
-0.468574
1.53192
1.53796
2.95493
1.8388
2.31205
1.2431
0.836543
2.34103
1.35055
2.72063
0.741818
2.15949
0.103759
1.11804
2.17621
0.54626
0.249076
1.56013
3.09258
0.627745
0.515583
-1.21849
-1.4652
0.0188492
-1.42558
0.578953
1.57038
1.42021
2.60511
3.99254
2.83624
-0.352664
-1.66726
-0.510936
2.35631
-1.45375
0.243893
1.45546
3.85197
1.60775
1.1862
-1.32822
1.71193
0.297681
3.93103
2.06257
-0.419321
0.0156038
3.68683
3.32055
-1.27668
-0.19433
1.51058
-1.80707
0.988172
1.08185
0.0372428
1.01454
4.07885
-0.535786
1.20177
0.885161
-0.485388
0.229323
0.687298
3.57995
-0.181604
3.99643
0.0599733
0.470029
0.401615
1.16736
0.636441
2.84945
0.867175
2.13947
-0.0906521
-1.58468
-0.362963
-0.225542
1.90876
2.33969
4.06532
0.446611
1.03537
-0.959637
1.47295
0.92081
1.77401
-0.0451889
-0.546118
-3.10098
1.62407
0.400823
4.05908
0.288817
2.55849
0.0601247
2.07336
-1.34775
-0.478596
0.979231
1.00864
1.04629
2.85728
4.5537
1.47625
-2.35412
1.71336
-0.13721
2.94206
1.40711
0.510092
1.44256
0.848421
1.01662
2.78282
0.402162
1.79315
0.80722
0.888549
-1.47792
1.71954
0.0365042
3.83528
-1.14282
0.669163
0.968039
0.942029
0.291332
1.47584
2.83309
1.52695
2.38372
0.100456
0.178928
-0.295523
-0.254217
-1.43999
2.63445
-0.539063
1.87097
0.641694
2.43679
-0.22055
2.10291
-1.6506
-0.213852
1.4187
2.41515
2.27201
-0.72817
1.63673
0.316349
1.9126
-0.444456
1.63031
-0.278377
-0.519512
0.093098
-2.55675
-1.5859
2.02663
0.813752
-0.200085
2.24726
2.68573
1.28593
0.467096
2.31485
3.21889
-0.161974
-0.0632426
2.54306
0.484767
1.14902
0.0277998
1.25735
2.08783
0.995502
2.82479
0.0201926
0.519063
0.743951
2.36875
3.6656
-2.26236
0.952315
4.51536
-1.14721
0.00808869
2.608
2.0652
-1.3879
-0.0381155
0.646389
-1.74879
3.18426
4.83723
0.307996
1.3119
1.53243
0.835879
1.81845
0.657631
1.33348
2.58887
1.46209
3.52556
1.19907
0.195586
0.310484
1.72276
2.20809
2.66294
-0.853432
3.47659
0.955427
3.66309
0.96284
3.21302
0.447012
0.773405
2.39907
0.15241
3.10811
1.76307
-4.05176
1.41312
2.01186
1.85404
1.44107
0.949349
1.93208
1.44389
0.498821
-0.508887
0.320602
3.46936
0.459825
2.1152
0.81039
2.09382
0.983953
-0.0791177
2.28014
-0.319243
0.00102369
3.372
3.23125
0.658851
2.40591
1.60798
1.36048
-0.326582
1.22131
2.6822
0.320872
-1.64948
1.88819
3.81104
2.85304
2.6938
0.534473
1.67102
0.69394
2.34219
2.92899
0.244777
1.35215
2.24234
3.05219
0.907878
0.680603
2.11609
2.22233
-0.328012
1.88966
2.6446
2.07572
-1.51003
-0.442049
1.14777
4.25882
0.999324
2.85392
1.95602
2.08467
-0.15767
0.820341
2.02816
1.41592
1.77923
3.79525
-0.973201
-0.45112
-1.6587
-0.104253
-1.63739
-0.486481
0.54217
4.42384
-1.08679
-0.211103
1.41542
0.752787
-0.721885
1.56735
0.173755
2.06123
3.13404
2.60243
-0.391239
-0.982012
2.64658
0.811073
0.58076
2.03919
0.749429
0.6748
1.42161
-0.621646
0.637029
-0.537906
4.74456
1.12293
0.817523
0.392155
-1.08012
-0.077654
2.19618
0.824382
-0.50663
2.3863
3.54777
1.27763
-2.55532
3.05176
0.600577
1.7346
1.61883
0.251396
-0.798994
2.91085
-0.167539
1.26345
-0.790837
5.28195
0.401102
1.65661
-0.464825
3.11368
0.622846
-2.45428
4.17747
-0.80987
1.34654
-0.720361
1.42741
1.44317
0.614768
0.986319
-1.5397
1.6745
2.56868
2.78166
1.89995
-1.88366
-0.751154
1.2274
3.70971
1.56126
2.408
6.17515
0.766057
2.25168
1.93772
1.11468
-2.36442
0.57107
-0.53812
-0.597888
1.41693
2.29176
2.85212
4.25605
-0.0473831
-4.33264
2.23772
2.4865
1.68877
1.55616
-0.278603
-0.402705
2.53929
0.841157
2.12107
-1.7119
2.84771
1.79016
1.56953
0.0565254
2.50269
1.10714
0.0814451
3.68304
0.418944
0.842472
0.917439
1.74133
-2.49689
-3.05615
0.907989
2.36827
2.49225
3.2608
0.444264
1.09152
1.53491
-0.303801
3.29972
2.95518
2.64487
1.96846
0.477573
0.928696
0.376149
2.19838
-1.11479
3.45715
3.49728
3.43358
1.43293
1.73752
0.663203
0.964311
2.00978
-1.24521
-0.0963049
3.18099
0.444287
0.753449
-2.31442
1.34168
0.895497
0.383175
0.404108
-0.407331
1.65841
2.0866
3.04186
3.27056
2.77146
0.879406
2.00718
0.875834
1.72739
2.10209
0.430608
3.0322
2.63041
-3.51754
2.17686
1.63691
1.77345
0.446806
-1.76491
-1.28443
-2.01329
0.691931
-1.52339
-0.213445
-0.0305892
2.8857
-0.00814359
1.2046
1.75724
2.27131
1.88855
2.85859
0.769868
-0.452799
-0.242872
0.786111
-0.140853
-0.42501
1.24214
-0.0511323
-0.116481
0.316004
-0.764622
2.15607
2.58286
3.40443
0.679385
0.993908
0.505775
2.23299
3.6005
3.39125
1.37621
2.72232
1.82145
3.02073
0.0729013
2.71954
-0.571492
0.17893
0.423005
-1.07762
1.22592
0.634667
1.31841
1.65319
-0.877701
3.06499
-0.256862
-0.739966
3.44345
-0.406056
0.467931
-2.25499
5.20495
1.58641
1.5211
-0.78669
0.236836
2.59395
0.528443
-2.01629
1.04394
-1.53181
1.38239
1.94441
0.782769
3.25197
1.4727
-0.815937
2.07435
3.33172
2.17505
1.44512
0.488473
4.3572
0.00460894
-1.75274
3.80675
0.755574
-1.07052
-0.773111
0.47306
3.04278
0.5988
-0.78369
-1.65718
3.8223
-0.334792
1.69072
2.45083
1.81749
3.83166
-1.91043
0.0919207
2.63624
0.378644
0.722877
1.76485
2.89953
2.17255
-0.982908
2.47009
0.480054
4.27056
-0.77068
1.8113
1.80823
0.837849
1.72705
1.48165
1.46817
0.530695
-1.74207
-0.307976
3.70978
-0.624387
-0.973345
2.53596
0.33606
2.21414
-0.00850047
2.25181
-0.540163
0.163058
0.662619
-0.713054
2.15179
-0.575364
1.80681
-0.991532
-0.498151
0.89812
0.656124
1.21788
-1.6706
0.830131
3.36332
2.90497
-0.26104
0.262021
-1.28513
4.05943
0.0962295
1.28395
1.77188
-0.150775
-1.2124
0.145249
0.465818
1.96593
0.211287
-0.592825
0.0382077
0.998856
0.10199
2.71221
-1.35604
1.20148
0.415427
2.10893
0.341889
1.52836
1.19596
0.632288
-0.297217
0.881751
0.680596
-0.186592
3.6414
1.11337
-0.501511
2.54748
0.0409634
-1.2963
0.65101
0.979077
1.58755
0.847899
3.24339
1.57681
-0.355129
-0.802126
0.999234
-0.182535
0.844378
-0.0950295
1.65518
2.34279
2.1952
1.10113
3.46491
-1.30195
1.41376
-1.74519
1.19086
0.140627
1.51914
1.93361
1.86695
2.76919
-0.885333
-0.438394
3.47605
1.50041
1.65636
0.99914
2.75554
2.22392
2.32059
1.5619
2.91695
0.849261
3.00073
0.985169
1.3324
1.62928
3.815
2.26274
1.73278
3.06261
-0.751035
0.683278
3.70308
1.69778
1.94624
-1.38245
3.86714
2.72098
-1.87093
0.561535
1.24554
3.05325
3.92422
0.976211
2.09816
0.990055
2.00608
-3.34887
2.31088
-1.17304
-2.09453
2.77652
-0.749172
-0.164392
1.9189
0.908918
1.74904
2.5774
0.183163
0.639914
2.4456
1.70898
0.696414
1.39221
-0.812687
-0.19239
-0.154209
-2.61739
1.21282
0.163252
1.39905
-1.42153
-1.05754
4.52186
-1.61341
-0.650095
0.704223
-0.785789
-1.80038
2.85229
2.14009
0.151327
-0.249399
1.80514
0.605411
0.158686
2.73889
1.67358
3.15645
0.927238
0.875318
-1.20403
2.06884
-2.3937
1.79574
1.11957
0.285067
0.0521981
0.863313
1.06181
0.494931
-1.15415
-0.390351
2.3296
0.377367
0.235321
1.54084
1.67811
3.04749
1.7218
0.546258
-1.70899
1.6526
0.15132
3.64963
2.39194
-0.556927
2.72374
-1.63797
-1.39598
-2.11812
2.66458
2.50921
3.21164
1.89511
1.30128
2.48099
0.520406
-0.570483
3.94472
1.47287
2.37989
0.97797
0.101985
3.07701
2.15941
-0.146407
0.497665
-0.887564
0.0832228
1.74242
0.83412
2.41634
1.13953
2.85834
0.393924
0.0262844
1.293
4.40471
-1.26689
3.48689
-1.61922
-0.360762
-0.867545
1.66612
1.15546
0.529617
-0.21857
2.21671
2.07452
3.98885
0.5298
2.0516
1.411
0.118735
0.900298
3.16939
0.0387691
0.982674
-1.04439
-1.64973
-2.01784
0.780606
-0.140065
2.53337
1.3506
2.76181
0.209358
3.64218
3.19728
-0.477091
3.28373
-0.212042
2.42029
0.276008
2.99095
2.5788
0.926615
4.42199
2.11833
2.48265
6.027
3.8632
-0.549312
-5.33701e-05
2.26251
2.96545
1.35373
2.97768
-2.25413
0.496983
-0.874798
1.31296
-2.75963
0.629737
1.01299
3.2894
-1.26992
2.90676
4.70036
-0.549112
-1.34481
1.92447
1.16348
0.538119
0.000494807
-3.74235
1.47653
-0.0946702
3.80355
2.34331
0.128424
0.997068
1.7013
2.80981
3.65159
0.0756959
1.0508
-0.542326
2.37973
3.2273
3.81443
1.22204
0.0500428
-2.14626
1.36056
3.08755
1.64986
3.46651
0.612988
3.48483
-0.951603
3.23691
2.23688
0.150995
0.634296
1.88941
1.22102
-1.16362
-0.338995
1.57554
2.41893
0.0563879
3.48346
0.287493
-2.11868
2.7122
3.37462
-0.414877
0.105113
0.0131805
1.40419
1.17374
1.56739
0.429241
4.89545
-0.595417
2.50027
1.92759
0.728503
4.29636
-0.735942
1.71292
1.51487
1.45712
-3.87215
1.86237
2.70103
1.59731
1.9325
-0.569633
-0.612494
3.48582
0.312435
3.75478
0.289503
1.69122
1.25208
1.13368
2.69896
2.61787
2.07235
0.773071
-1.33751
3.1899
0.905216
-1.01503
-1.11368
3.13518
-0.656895
1.09738
1.5322
0.888168
0.54772
-0.623313
2.40638
0.450912
1.98438
3.31522
1.93417
3.81038
0.75853
2.31131
-0.527959
0.263032
2.08858
3.1274
2.86258
3.31304
1.59991
-0.979261
2.25904
-3.39839
-1.65925
1.71759
2.13787
0.602638
0.311571
1.74857
-0.528431
-1.10328
2.7135
2.21062
-1.19752
0.670999
1.98474
0.286882
-0.388208
-0.330253
1.39873
-1.99883
1.59702
2.05499
2.37512
0.293994
1.48489
-1.32204
2.58519
-1.38134
3.26607
-0.0178694
-0.539057
0.549122
3.27957
3.06768
0.727572
2.55771
-0.344235
3.21613
1.49093
-0.684982
-0.131276
1.46141
2.01514
0.841515
4.05423
2.98789
0.935891
0.884997
-0.115643
0.568562
0.228143
1.36324
0.912837
0.991868
-2.37025
3.49757
-1.77892
3.25808
-0.527109
1.93812
2.82844
2.66798
2.63902
-1.14589
2.0359
0.933703
1.45899
-1.26554
-0.66191
3.15526
3.30094
0.0662068
-0.548831
0.817062
1.95958
2.2734
0.553958
0.852791
-0.723682
0.72422
0.017935
1.9853
2.4612
0.992854
-0.811172
2.50828
3.76291
0.883267
-2.76873
0.105466
-0.584573
1.49647
2.01739
0.12483
3.53297
2.14637
2.80918
-0.47748
0.353988
1.61916
1.11554
-0.266297
0.176283
2.97392
1.52116
1.00592
1.11388
-0.213026
-0.569516
1.48022
0.318614
3.39429
1.09491
-0.0394509
-1.72413
2.08236
0.940933
0.428873
2.03724
0.762439
1.06051
0.119802
-3.15071
1.23199
1.82462
0.612036
1.40036
1.18605
-2.02478
-2.29883
-0.226015
0.880866
2.03468
-1.71688
3.66609
-0.192989
1.22571
0.081622
0.323549
2.95344
2.12747
-0.294511
3.37158
0.153126
0.884217
0.903236
0.475272
2.20859
-1.45731
0.143577
1.66411
0.445333
0.475545
3.74325
0.0848614
0.0146199
-0.00628399
0.0871703
1.77639
1.6186
-0.351411
1.47899
0.0904861
1.21241
1.86759
1.97281
0.712639
-0.105609
1.91919
1.34804
0.642361
1.36915
1.38091
1.19049
0.0164388
-0.364891
-0.804286
1.15778
1.80846
0.857653
3.06363
1.79271
2.1316
-1.73967
1.18864
2.09058
2.11845
-2.11323
0.246429
-1.3665
-1.02456
0.355032
0.948089
2.51323
1.08144
0.916379
2.69437
-0.367118
-1.11431
0.193306
3.25236
0.297258
2.1535
1.28814
-1.15598
2.96711
5.40808
1.06483
2.18584
-0.715264
2.09431
2.61266
1.63917
1.27912
-0.27461
1.87624
0.448764
-0.350179
-0.794378
-1.71128
1.61774
1.26734
0.0530631
1.39649
-1.15721
1.29388
1.9435
1.81615
3.61102
4.84037
-1.38274
3.74997
1.63615
0.0327779
-0.0730171
2.23366
-0.346708
4.06256
1.51822
2.65794
1.52393
3.17814
-1.31092
1.11111
2.01702
1.7301
1.64873
3.87495
1.17387
2.61164
1.25282
2.54626
-1.87858
0.720986
1.4738
3.39545
1.03712
-0.624161
1.94488
-0.611293
-0.834647
-1.20892
2.20342
2.48942
1.2665
2.17663
0.0452348
0.113744
-0.139318
1.83648
-0.82763
-0.498729
5.40618
0.676084
0.148065
3.357
3.42903
1.56051
1.84213
1.66473
-0.326764
-1.06642
0.971654
2.85379
2.79237
2.61415
-2.73762
0.121108
0.385508
2.41257
2.47816
2.35979
3.42772
0.893602
-2.72689
1.74324
2.16665
-0.670049
0.940539
0.921784
2.28162
2.31522
0.987867
-0.432783
0.0903236
2.50963
-2.67222
-2.06285
2.28
-1.58702
2.10009
-0.774958
3.02503
-0.221931
2.71351
2.16404
4.19737
1.81938
1.39221
2.35497
1.91218
1.542
-0.954188
1.32351
1.6739
2.48043
3.26143
0.674096
0.524
0.195992
0.643367
1.20978
-0.00633408
-1.07258
1.18271
0.450006
1.77955
-0.213199
0.869863
-0.247026
1.55798
3.30687
2.48278
-3.38712
2.17204
1.73152
-1.84749
-3.31535
0.857222
-1.57148
-0.522827
1.31204
-0.402685
-0.234689
1.6656
0.171304
0.0327629
-0.750501
0.302355
0.558975
1.09386
1.13584
1.1729
-1.57766
0.623161
1.91552
6.30179
-1.96101
1.20797
-0.670463
0.148377
0.00499788
2.03517
1.03087
0.227614
-0.600299
1.74553
0.897447
-0.541852
1.25677
2.99566
1.3277
0.620112
2.19175
2.31736
-0.573792
-0.222533
-0.371415
0.600735
0.190348
0.490097
1.43357
0.480208
1.10958
2.19635
0.483762
0.960498
-1.55419
-2.51203
2.64907
2.50509
-3.30301
6.36468
-0.569073
1.83401
1.31508
1.15086
2.47965
-0.66185
-0.264733
1.70608
0.949638
0.882007
0.47876
-0.367846
1.77786
-0.212231
0.613307
-0.226193
0.652743
3.20903
2.2359
-1.27062
1.47065
-0.241378
0.875135
1.76026
1.49762
1.62412
-0.423712
1.76831
0.712435
0.549123
1.6786
2.49879
-1.31921
1.58483
0.553906
-0.252363
0.426965
-1.6602
-0.624698
2.93623
0.12949
2.2281
0.440833
1.04127
1.11893
2.43155
1.92235
2.3661
-1.07052
3.31878
-0.141167
3.02593
-0.743266
3.36661
1.75914
1.89342
2.2636
0.864135
1.78162
1.23301
2.70265
1.86179
2.40192
1.71141
-0.44835
1.28184
-2.21672
-0.917323
3.07415
1.61392
3.49094
0.575622
0.533339
-1.16678
-0.153049
3.19784
2.62504
0.986993
0.83476
0.842343
1.44303
1.26139
0.377126
1.26923
0.77674
0.294779
1.95045
1.54225
1.29141
1.58595
2.77939
1.17376
3.57462
0.979714
-1.06023
0.810673
0.754309
3.22835
1.03883
-0.939475
0.023015
2.3538
0.35001
1.83718
-2.28014
1.80529
2.81376
0.845404
2.61956
1.37119
0.431695
-0.562776
2.12824
3.698
0.976053
-0.64958
0.984181
1.89026
-2.42888
2.88252
2.67601
2.86916
1.07087
0.545606
-0.736424
-1.3376
0.7132
2.14038
0.924426
-1.69885
0.427107
1.84437
0.78566
-1.96109
1.09639
-0.0683052
0.674714
1.35942
1.49047
2.11423
-1.95728
4.50325
0.0881959
0.843472
-0.644122
0.538346
1.62914
-3.8354
1.0823
-0.846358
-1.55534
-0.245217
0.982917
1.75564
3.07319
-0.722232
1.69881
-1.72011
0.514092
1.56023
0.613513
3.59719
4.17082
2.21791
1.55397
1.61456
0.60423
1.89799
3.33788
-0.618931
2.57178
1.738
1.99731
2.86631
0.0438473
-0.692835
-0.919734
2.95453
-0.0881485
-0.11558
1.59097
1.35226
0.17502
-1.17341
-0.125639
1.03728
0.588785
2.12826
2.35363
2.53876
-0.746458
-1.0278
2.47311
2.85756
-0.437784
-0.937455
0.326015
0.00678346
3.47033
0.811589
0.108649
2.71926
-0.142725
1.58386
2.29771
-0.0867431
2.29608
3.26263
1.84851
0.938465
1.08052
3.19374
0.925622
2.59307
0.76516
-0.025593
0.760496
1.21098
2.27662
1.72672
0.971183
0.888492
3.85262
1.61236
-1.19832
-0.223606
1.93203
0.183181
-0.0512848
5.43099
2.94975
0.670292
1.29539
2.67151
1.26615
0.799448
1.12983
1.65536
0.195156
0.816123
-1.53078
1.53512
4.66115
-2.31764
2.48469
0.304577
0.367855
1.97915
1.59028
1.22898
0.505579
0.982338
-0.422779
3.36581
1.84819
1.81038
2.80254
-0.806171
1.54715
-1.65206
0.60767
3.0247
-0.753326
5.41961
0.241267
1.97074
-0.291444
0.310065
3.37456
2.20361
-0.882356
0.504181
-1.5358
1.4765
-0.984441
-0.164119
1.69327
-2.27222
-0.582449
1.1168
0.761367
0.175797
0.26133
1.81436
2.95942
0.118992
1.73567
1.62677
3.3437
2.14935
1.42898
2.52169
-0.7348
2.62991
3.22342
2.65099
-0.381385
-0.613721
-0.508386
2.7138
-1.13896
2.15539
2.7211
0.458124
3.78512
-0.306382
0.668935
-1.11543
0.669441
0.139898
2.47955
4.45915
1.49112
-0.00715393
0.477765
-2.81997
-0.960441
0.771684
3.90344
2.79056
1.07754
2.36802
3.081
1.57301
2.55049
1.22242
2.03316
-0.0150182
2.25401
3.30003
-1.11618
1.09432
0.292641
-0.357051
0.349197
0.480356
2.85769
1.00021
-1.70751
-1.19866
0.915455
2.83091
0.0705474
4.15668
3.77901
1.44279
1.81161
0.367919
1.05907
0.583816
-0.189082
2.39008
-1.78419
1.43954
0.890691
0.401772
-1.44212
0.375458
2.25564
2.18625
-0.141658
-1.39143
-0.44838
-0.688372
0.769883
1.56683
2.92433
4.94639
1.11029
1.66551
0.484572
-1.27043
1.3523
0.543365
0.0337139
0.0698312
-0.143979
0.97894
0.994538
3.99518
2.22688
2.61381
2.24315
2.0724
0.864704
2.32381
0.364357
3.01514
-0.533895
3.42007
2.18921
-0.374768
2.62485
-1.82014
-1.01344
0.23042
0.177175
2.43503
0.960121
0.579418
1.28091
-0.480065
0.559611
2.00786
-0.129302
-0.731845
0.0733132
0.425002
-0.707895
2.68153
1.14377
1.75395
0.746629
0.741505
-1.15721
-0.0907771
-0.743607
2.5939
0.600237
0.463986
0.941255
-0.0773389
-1.39781
2.61569
1.18157
-0.203104
2.25178
-0.861398
-1.33959
0.602879
1.16378
1.49717
0.0738541
1.40418
2.37879
-0.548587
0.214912
1.55336
3.18888
5.77815
3.87137
1.53179
0.483248
-2.87601
1.21509
2.63956
1.24422
-0.384756
-1.22625
-0.572657
-2.33674
0.366312
1.45205
0.548388
-1.98039
-1.1274
2.84605
0.58901
-0.108313
3.22313
3.16503
0.995943
0.531555
1.43706
1.23283
0.800245
-2.02409
3.6913
-0.422121
2.69434
1.65917
0.718572
-0.107931
1.57236
2.93423
1.73965
2.53734
1.88889
3.09632
4.09841
1.94576
-1.45643
1.0569
-1.41916
3.20344
2.46158
0.459604
-2.17237
-1.46075
-0.953479
1.6814
0.731211
1.23593
0.178605
-1.72451
2.8495
0.849237
1.25352
1.77169
-0.242288
-0.970909
0.0248965
0.812586
0.601626
2.16046
0.85652
1.63655
1.84827
-0.674884
4.53395
-0.222474
2.99268
1.70162
0.46752
0.94364
-0.0621573
3.38545
2.76201
2.08966
-0.457529
1.72627
1.64942
3.08186
-1.15643
1.25169
-0.536884
1.24123
1.81052
-0.884714
4.53911
0.998393
4.35424
0.688783
0.126454
1.5591
3.29368
-1.03377
-0.118326
-0.122773
1.88531
0.745714
1.08401
-0.238534
1.70855
1.39255
-1.93224
-1.30815
2.08937
-0.50605
5.04402
-2.12105
0.712166
1.04171
1.44669
-0.998369
-1.60634
1.42197
-0.154121
0.77165
-2.26758
0.255094
1.84232
1.53116
-2.14099
4.18666
1.998
2.77816
0.532234
0.766894
-1.32934
1.00186
-0.704345
4.60394
-0.111915
1.04283
3.87802
0.939624
-1.4612
2.13451
0.213432
-0.48411
-2.78818
2.81254
-1.05133
1.14833
0.850077
-0.456591
0.284985
0.246078
-0.244502
-0.745595
1.10776
2.6467
2.82528
-1.61552
-3.40103
2.45049
1.68836
0.1821
0.811692
0.701362
-0.614997
0.24788
0.973221
0.394314
3.5468
1.86688
3.16454
-0.303913
0.590456
-0.46487
4.77955
1.73911
1.75493
2.53555
2.7154
0.138067
0.741597
-0.0712098
-0.345774
3.60228
-0.0104608
-0.959875
0.804056
0.62025
0.929824
-0.850732
1.21334
-0.446194
1.50855
-1.00265
0.212323
-0.199057
0.850364
3.10349
-1.39747
1.8881
2.95325
1.99262
0.508547
1.99232
2.67313
2.41488
-1.53299
-0.699467
0.289559
-0.194301
-0.096103
5.60231
2.43756
-2.98777
1.43324
1.00999
3.24473
1.64478
3.98612
-2.37426
2.56444
1.239
1.9272
3.12544
3.34365
-1.47916
0.537046
1.57247
2.70821
1.70824
0.111794
1.45837
3.30232
1.33706
-1.85919
-2.0268
1.08297
-0.265898
0.444486
-0.20854
1.00607
0.921685
1.28723
2.3009
1.65202
3.92424
2.01695
0.716638
2.19605
2.71282
-1.82855
-1.1961
3.96214
1.0403
0.272622
-0.177392
3.04737
0.195116
1.99892
0.852679
-0.537505
2.01737
2.12073
0.719894
0.790375
1.44002
0.8112
0.204421
0.683463
3.61489
0.87945
2.68759
0.099682
-0.516844
1.27324
-0.037087
0.732291
3.38675
4.38642
-0.30651
2.73847
1.42245
0.26012
0.966932
0.842974
-2.90536
2.75549
1.68048
2.49345
0.152933
3.20911
4.05669
0.871626
0.929046
-0.246859
0.633554
-1.116
2.10852
0.709913
0.697796
-0.374458
-0.63184
-0.941364
2.08071
0.589798
-1.30238
2.24407
1.26837
-0.516267
3.57661
0.413063
0.590202
4.8764
-1.11536
-0.203146
-0.636601
-0.869199
1.07896
-1.41902
4.06725
1.96782
2.8752
3.05525
1.82718
-0.732901
0.276935
0.225907
1.00039
-2.91092
-0.00180899
2.94431
3.10144
2.31522
1.20889
3.01898
0.121591
0.04456
2.07614
1.56435
-1.14355
0.494739
0.0937493
1.25802
0.891639
2.39782
2.39337
1.17296
1.08631
2.28355
-0.143344
2.93173
2.6663
1.06573
0.419568
1.48511
1.35529
3.39601
1.16401
0.0405143
1.90095
2.27903
0.377428
3.64483
1.42895
0.0772628
2.63067
-0.347125
0.262503
3.53909
-0.737651
2.12565
2.37964
-0.418867
6.2038
1.57855
-0.681752
1.24469
-1.0812
1.1131
0.321414
3.27415
0.601647
3.26933
0.517369
-1.16332
0.614781
3.4188
0.842925
1.38911
3.84998
1.80851
-0.00647362
0.474377
1.32021
3.30875
1.47554
1.75047
1.8004
0.216068
-0.373413
2.8678
-0.925746
1.26612
-0.146418
1.32443
-1.94616
2.32896
3.40088
2.05624
1.44794
0.90169
-1.49222
1.25758
1.71721
1.62161
-0.28739
3.53766
1.35374
1.23214
0.675558
4.30911
1.45484
1.84597
0.445631
2.40939
2.56471
2.37832
3.27575
0.978369
-0.54402
2.33051
-2.30116
4.14785
1.09043
1.84696
-0.375781
-0.762888
3.66882
-1.47279
0.159848
2.64802
-0.666986
0.0529807
2.61547
1.53851
0.032184
0.451008
1.75036
1.17526
1.07394
2.17624
-0.0949788
0.399884
2.7454
0.176432
1.58297
0.395836
2.75101
1.98292
2.54634
1.06437
-0.484183
0.447863
1.96785
1.35812
0.0165433
0.557719
2.03765
2.09412
2.49853
-0.869842
-0.495152
0.959126
1.96938
-0.306722
3.37665
3.20363
0.255961
-0.876954
1.21706
-2.26211
1.41455
2.0766
-3.40625
1.86094
2.802
2.34704
-0.631387
1.44261
1.40122
-0.442589
1.78545
3.4603
2.18586
0.415012
0.687545
0.507228
0.477544
0.242681
2.35188
4.12191
0.343854
3.17111
-0.548079
-0.338766
2.33282
1.68052
1.81739
-1.65707
0.778012
-0.741008
0.750536
4.81792
-0.0804909
-1.63067
-0.698191
2.25157
0.626024
0.560249
2.54647
1.74067
0.732999
1.89295
2.77887
-0.45641
3.69713
1.31765
1.56734
-0.353896
1.47892
0.990426
0.652815
-1.56741
1.37075
0.495964
2.09185
3.53803
4.15827
-1.42406
1.15413
-2.34005
2.94113
-0.887365
-1.35184
-0.576508
-1.27586
2.73068
-0.0931065
-0.662959
0.411425
1.34011
0.437079
0.938795
1.88933
1.50174
2.36348
1.80935
-0.831602
3.32091
-0.30799
2.48054
2.83861
0.313229
3.02814
-0.144986
-0.497751
0.884258
1.63781
0.387744
1.61039
-1.84734
-0.275845
2.07859
1.44835
2.64509
-1.05967
0.693057
1.71072
2.13152
-1.0334
2.62028
1.13707
-1.17551
1.48208
2.91995
1.5922
1.81019
2.97514
-0.787852
-0.817303
-0.0472182
1.01839
0.321772
-0.811375
2.16415
1.56433
0.10871
1.42735
3.79305
5.81657
0.505002
0.643874
0.427468
-0.669931
1.26166
0.957059
2.94103
1.38317
0.765501
3.05678
-1.041
1.54837
-0.74575
1.02975
-1.99749
2.89239
-0.30223
3.1945
-2.9516
-1.12474
1.00329
1.90199
-0.843301
0.675082
4.01566
0.757863
3.50508
3.62521
1.73198
-3.01684
-1.14843
0.291162
3.67263
0.209029
2.12394
-2.19061
0.750632
-0.677516
1.02423
2.72977
1.09474
2.52263
3.81088
0.858525
1.40983
-1.49222
2.81522
3.21744
1.56248
3.84064
0.247338
-0.394435
0.132631
0.102914
1.46599
0.365303
0.996486
0.012461
0.800453
2.15603
-1.09083
-0.91553
1.07339
-2.8884
1.31812
-0.460572
2.10097
0.159378
0.651706
1.23024
1.38183
0.809224
-1.94913
-1.32672
2.79011
2.86658
3.45664
1.92879
-0.33298
3.21202
-0.624887
1.63929
3.87813
5.10825
0.843713
2.8032
-2.50335
-1.48369
0.406687
1.736
-0.890342
2.30407
-1.06597
0.0699181
-0.0719915
1.48547
1.94607
0.0598557
0.841447
1.87108
1.83786
1.19262
0.182614
1.46302
4.03632
1.8424
0.556891
2.37396
-1.47774
5.13213
1.11181
0.63276
1.03963
1.72283
2.04741
0.588338
0.0526891
0.752875
3.35292
0.579084
0.837042
-0.65495
0.702196
0.897013
-0.419512
1.46563
1.55907
-0.59291
1.27553
-0.449052
2.86782
1.69391
0.603825
1.87063
1.60207
1.9346
-3.80048
1.13194
1.75335
-1.46562
2.26749
2.70339
0.699642
1.76948
1.55082
0.137103
0.464562
1.09406
1.30236
2.95852
1.92684
-1.33384
2.23942
0.541843
-0.990353
1.81813
2.80158
0.756604
3.2734
2.17408
1.12824
2.16173
-0.94717
3.13066
-0.0693696
1.70543
1.96874
0.582237
0.589963
0.337362
2.80567
1.9707
1.99686
3.66623
-1.03153
0.966136
0.231375
2.79932
-0.120708
-0.143796
0.621081
2.58567
2.10757
-0.880831
-0.79768
0.636466
-1.1677
2.01505
-0.106355
-0.121336
0.814656
1.45775
1.24682
0.219465
2.98573
5.15249
2.20742
0.602227
1.83807
0.610381
-1.092
0.657231
-0.312268
3.18607
-0.670861
2.23082
0.749652
0.171776
3.68802
-0.151556
0.946736
2.41237
4.70969
3.17185
0.593934
3.71218
2.61777
-0.6826
1.16941
0.602189
0.545649
1.39686
-0.70544
1.41687
-1.63668
4.07628
3.26825
1.50914
1.91413
3.83823
0.631291
-0.377995
1.4257
-1.98792
0.187221
1.19281
0.511768
2.29174
0.621949
3.5464
-1.56492
2.61842
0.0627645
1.85447
-2.72517
-0.196443
2.63988
2.35838
-1.09763
1.7054
0.367469
0.371705
-1.73973
3.33208
0.1126
-0.647874
1.21331
0.796619
-0.834443
1.71064
1.92415
0.359563
1.76288
0.222285
3.033
1.12817
-0.039621
1.56285
2.0549
0.564071
0.667339
2.00518
0.435361
3.43264
-0.182705
-3.23202
2.72564
-1.02747
1.22388
1.88276
-1.0259
0.608642
-1.82003
-0.0644143
1.827
-0.238367
0.749667
-0.449697
2.47177
2.28081
0.314938
1.55762
0.359057
-0.0954493
1.12313
2.17948
1.06148
-0.765741
2.41789
-1.62802
-0.98433
0.492064
2.05274
1.52284
0.73496
-1.53407
2.49187
-1.14659
1.78529
2.34792
0.810645
0.373172
5.07926
0.287306
3.05443
3.19082
5.53801
1.91405
3.11055
1.02667
1.40221
1.30995
-1.90484
5.64334
4.29452
1.96566
-0.72299
1.92548
3.8824
0.302803
2.81622
2.6224
3.90494
2.65239
1.46685
1.26075
0.485768
-0.602666
0.347385
3.85355
-0.67731
-1.02052
0.285806
1.71842
1.81729
2.35256
0.0908003
1.71801
2.93694
0.789807
-1.34023
-0.0114298
0.244063
1.3907
2.18723
0.255022
-0.10822
3.24025
1.87193
0.445556
3.93223
2.77778
5.02623
2.90269
1.26078
1.13703
-0.817723
-0.436628
1.10652
-0.73048
3.36088
2.53876
1.95025
-0.0303722
-2.15789
1.87774
2.89979
4.15244
0.258863
3.45912
0.711094
-0.991344
1.49603
2.98185
2.6839
-1.24438
0.337461
0.611729
2.79186
0.24365
1.54928
1.56307
0.33985
1.50753
-0.849223
2.78054
2.00962
-0.139706
2.64473
-0.566099
-2.07155
1.6878
1.0216
0.432038
1.58872
1.08351
2.36468
0.53951
2.11004
2.26528
-0.604982
0.41978
-0.147566
0.332987
-0.0119734
2.95392
1.16825
1.40005
1.27579
2.16556
1.45979
2.29758
1.04935
-3.48153
2.1552
-0.422922
-0.353571
-1.06721
1.05971
0.057831
1.22369
0.725816
1.91709
1.60292
7.73321
5.31586
1.47868
-2.22064
1.89391
-1.04078
0.667445
3.11541
0.206066
2.81148
2.57049
-0.956874
1.75935
1.99265
-1.7939
0.710597
-1.1853
4.12491
2.24423
-2.07302
3.24486
3.35016
1.51043
2.62317
2.47049
1.22799
1.66523
3.4134
-1.65189
-0.0636567
0.703695
-3.36631
-1.72361
1.157
2.00239
1.84578
0.115692
1.49541
0.522825
-2.47283
0.595585
0.712542
3.93681
2.79627
-1.80391
2.28962
-0.308131
2.10701
-0.353751
-1.48242
2.11057
2.97489
-0.645289
2.85837
-1.63511
0.925135
2.05774
-0.00640464
3.35951
0.420881
-0.293061
1.44839
1.03387
1.3776
1.4479
1.60741
3.06978
-1.58169
-1.08664
-0.0786276
0.282228
0.491755
-1.10325
3.28826
-0.03888
1.34397
1.20569
2.81207
0.863446
4.01339
2.21527
0.406784
0.6147
0.717553
1.41673
-0.187818
0.417575
-1.13387
1.0049
2.82999
1.75599
2.75683
2.14849
0.59755
0.29273
-0.553082
1.83163
-0.761363
1.8064
0.808003
-1.6067
1.32528
2.12947
1.02172
0.0298321
-0.820894
2.79368
2.40478
1.28565
-1.29973
3.06495
-0.636231
3.17697
-0.489824
1.8664
1.20054
3.18341
1.54154
0.273642
1.65824
2.36314
2.51042
-2.45955
0.806991
-0.968794
1.68203
-0.201015
1.14098
0.133226
1.25949
1.19997
1.55448
0.842427
-0.796115
-1.12407
0.00131008
1.59763
1.91124
0.331456
2.82553
1.62895
1.79331
2.5406
-1.89662
2.93962
3.06771
2.50853
1.09083
-1.05185
0.2821
0.235238
-0.765332
-0.835147
1.4866
0.0863462
-1.19058
2.93711
2.16753
-0.24339
-0.840156
1.6821
2.96174
1.29929
1.74313
2.47719
1.66544
3.36325
-2.52649
-0.144551
-0.0836899
2.33858
-0.837543
1.46597
-0.174588
-0.715666
-0.409162
1.29057
0.67671
1.30091
0.165227
-1.07107
0.341184
3.09856
1.41312
1.15323
-0.441699
0.509466
2.59912
1.46763
-2.9804
-2.36021
-3.00169
0.642268
3.54097
1.46486
-1.35673
2.83954
2.68708
0.381012
1.40857
1.70717
3.16517
1.16854
-0.582191
1.89124
3.35706
3.693
3.34181
2.23413
0.711956
1.3169
3.53204
-1.51717
2.46349
4.85995
3.12797
1.14759
1.07998
2.36249
1.38899
-1.2966
0.131172
-1.91136
3.8895
3.03654
-0.494896
2.76164
0.875313
-0.766219
0.957499
1.63647
1.67819
1.29539
0.757432
4.18377
0.203879
1.09807
2.70463
2.76507
-0.486901
-0.829375
3.78388
-1.11026
2.12313
2.55491
1.95564
0.151737
2.34194
2.93625
2.4727
3.48584
2.09147
1.17978
1.07659
-0.47113
-0.789738
1.00321
2.63545
-0.502993
-0.329533
1.65424
2.93278
1.81565
-1.77317
0.845157
2.06083
-0.534883
2.61338
-0.823889
1.46625
0.996332
0.768576
1.43332
-0.0738025
0.998344
0.602843
0.88452
0.793417
2.78525
0.199289
0.78541
-2.56401
0.0390866
1.5631
-0.51247
-1.20109
4.11105
1.76199
2.19141
1.57758
-0.5541
0.604253
2.2404
-0.17612
1.79817
-0.325455
1.33135
2.05563
0.252413
2.29992
0.574428
-3.30293
-0.548953
1.51587
3.13086
-0.494955
1.16016
0.2494
-0.76242
-2.4191
1.52816
1.40049
0.0991807
1.56504
-0.850515
-1.07948
2.23756
-1.21196
-0.858581
1.97241
0.887014
-0.510766
0.722274
0.54101
1.96735
1.70254
-0.935574
1.85067
3.30275
1.60718
0.736758
1.35684
0.26781
0.158744
0.418229
3.16016
1.67719
1.77336
0.96327
1.2658
-1.34056
-0.267332
1.77912
1.11869
-0.0292616
3.60959
-0.515437
5.30218
2.00329
2.6078
3.1487
2.89697
2.31376
2.14127
3.37526
3.51661
1.0797
-0.815373
1.22971
-0.808794
1.51756
0.664236
0.0171765
-1.20304
1.5715
1.6821
-0.912957
1.20452
2.04069
1.89032
4.60755
-2.02045
3.39722
1.42672
-0.133124
2.64654
3.26647
2.81223
1.70146
0.455205
-0.204366
2.88457
1.11769
0.749492
2.1434
0.486382
2.36879
-0.638754
0.907345
0.745529
-0.997307
2.33677
0.547274
1.30646
-2.57479
3.55712
1.86351
1.54116
1.87976
1.17129
-1.37141
0.00384886
1.40299
1.67927
-0.572444
0.604119
1.22218
0.0824945
0.879819
3.07707
1.84354
-2.75713
0.590074
0.908085
0.248718
0.563537
1.88416
2.33036
-1.43714
3.13041
1.68911
-1.1076
1.61733
0.534904
-0.0154898
-0.515242
3.48442
2.93665
0.560841
-0.709379
-1.59823
-0.265725
-0.521321
2.18778
0.718641
-0.501067
3.26136
-0.244615
-0.535187
1.32966
0.365841
1.93587
-0.190424
3.95676
0.226722
0.0568682
3.4578
1.23862
1.13147
-0.573567
-1.44556
1.14605
2.13031
-2.26548
2.55962
3.67388
4.08886
1.64213
1.79425
0.571261
-1.70091
0.329997
-1.3706
0.295422
1.75813
0.206531
3.83237
-0.0891239
1.26808
1.33881
-1.24796
0.781879
-0.726445
-0.430512
1.03503
1.59407
2.72834
-0.719709
1.508
0.396048
0.264814
4.04614
1.56925
2.34287
1.36093
-0.444475
-1.37121
2.86473
-1.94399
-0.033026
0.852051
2.17567
0.390164
2.97115
-0.554328
2.43816
0.706239
0.495285
-1.1859
3.59451
1.57056
-1.10789
-0.571295
-1.00826
2.50602
2.14867
3.57369
2.33708
0.291477
1.86571
0.405413
4.83778
1.30115
-2.95616
0.632202
-1.20946
2.17862
3.7383
-1.5234
-1.12571
0.86685
0.520364
1.4698
0.732271
1.11187
0.0260227
2.70792
0.154842
-0.893684
-0.625879
-0.482401
-0.789619
0.0657225
4.98315
2.93957
-1.30386
1.49497
0.906784
0.421381
-0.745392
1.49367
3.10755
-0.997113
1.09774
3.03816
1.118
1.51905
-3.46076
-0.771362
0.622536
-0.741216
0.795303
-0.256519
-0.279602
0.853618
-0.342972
-1.86395
-0.565878
2.39446
0.219093
1.20157
2.25899
3.2942
2.14334
-1.11517
-1.63303
2.7277
1.44769
-0.895135
4.63973
1.044
1.35331
-1.22524
-1.03185
6.37641
0.226707
3.68613
3.45739
3.41633
0.721874
-0.0424414
1.09006
1.20962
3.91619
2.02683
5.00503
2.49872
3.16387
0.816922
-0.0974842
2.38963
0.532873
1.21296
2.61043
-1.30909
0.602494
-2.08811
3.28816
-0.856323
-0.728471
0.0344113
0.40112
0.601029
-0.855751
0.988872
0.130991
1.53886
1.73701
-0.00537022
-1.48755
0.696361
0.854324
-0.575096
-1.21677
0.825092
1.06823
0.453432
0.475059
-1.85453
-1.4555
2.69907
1.04322
2.29451
3.96427
1.31979
1.09955
1.85197
0.130052
0.725912
-0.00022731
-0.491214
-0.0455161
2.37552
4.93157
1.56672
-0.755444
0.418941
2.6277
0.270299
2.47244
2.57811
0.0909866
1.65944
0.232447
1.97057
0.313367
1.72245
-0.184952
-0.312191
1.86883
-0.293253
1.30763
3.70285
4.51767
1.98775
3.61184
0.687489
0.941365
1.93939
2.37006
-1.03634
0.849581
-0.244196
3.32499
-1.63878
-1.46159
2.60557
0.964247
2.08092
3.14735
-0.410504
3.92704
0.53624
-1.7785
-0.529176
-0.776054
1.62593
2.6998
3.64289
1.12641
-0.742043
-2.29939
-1.49167
4.08503
1.72039
3.6015
0.561451
1.14584
-1.37308
-0.337823
2.90904
-0.111644
0.584836
3.40182
0.677405
0.348977
-2.38847
0.816539
-0.0541591
3.55414
-1.30222
0.362074
3.29031
1.86095
0.137358
2.72527
0.0623192
-0.272492
-0.393102
0.671689
-0.184711
-0.869355
2.71724
1.71732
2.36489
-0.280006
0.528882
-0.953873
-1.20802
-1.24858
0.105101
1.10468
1.49762
-0.278668
0.543471
3.24604
1.70514
0.356222
0.273376
-2.37072
1.78899
0.124888
0.267825
0.882687
1.30295
0.0495967
0.698599
0.944532
-0.0971079
-0.19351
0.24069
-0.781364
1.60692
0.410405
4.05523
-2.74724
1.4909
3.08815
-0.0427057
1.31176
0.584018
1.2367
1.02385
0.52171
-0.123343
1.86512
0.20184
0.595773
2.39256
-0.462597
2.20071
1.19348
-0.675871
1.72812
2.25169
0.845186
0.660796
4.3578
0.724413
0.778796
-1.85821
2.88189
0.117768
0.416523
0.9362
0.528109
0.105344
1.26154
0.657245
1.2063
0.615411
1.06542
2.69518
0.556853
2.22068
3.06189
-0.963087
0.443928
2.8648
-0.878649
0.357096
-0.863782
0.0214205
2.20763
0.263583
-3.44884
1.28028
0.366527
2.59062
-2.47155
4.79619
-0.306407
-1.47325
1.93751
-0.450361
-0.89232
-0.893995
2.0187
-1.0634
1.95149
3.3742
0.996685
2.63129
-0.0233622
-0.684092
2.23855
3.34247
-1.20153
-0.159453
-0.728844
-2.0607
-0.117591
0.451981
0.822589
1.42848
0.636104
-0.455888
-0.0729571
0.0619329
-0.568437
3.2708
-1.30214
-3.28948
-0.828139
0.281862
4.73645
0.983248
-0.981086
1.59861
-2.02259
1.15739
1.82251
-0.509198
2.94254
-1.41274
0.812524
-0.966868
-0.498489
-1.33921
4.85624
0.219947
-0.598258
-1.37565
-4.31528
2.77332
2.8317
-1.48884
3.05307
2.10225
0.447835
1.88085
1.18374
4.1548
1.54163
-0.0727595
0.136915
-0.342334
2.43047
4.30759
1.99086
-0.573232
2.75644
1.26969
0.0204505
2.77224
1.91704
-3.82915
0.500569
-1.78849
-1.34822
0.967458
2.98692
1.41052
1.99004
-1.88663
0.990635
2.68301
1.1583
3.66914
1.72295
1.18197
3.26741
2.36771
2.91367
0.417247
2.69272
0.44192
1.51208
1.07254
1.71074
2.46279
2.63935
0.0411374
-0.962228
3.50524
0.351664
1.70336
-1.02148
0.573286
1.47332
2.81087
-0.175757
-0.215181
1.36216
0.11992
-1.16614
-0.227977
2.69858
-1.02799
1.17133
2.13784
0.80973
0.349815
2.50578
0.290065
0.223355
1.74995
-0.275672
1.90029
3.14488
1.13974
0.17452
0.104431
3.37953
1.15116
-0.0943967
0.218832
2.15379
3.32836
-0.0941521
2.62942
0.87758
2.13786
-0.61336
-3.47532
-0.341822
1.99449
1.05478
0.564183
-1.89987
1.31907
0.0787544
1.44631
-0.422974
3.12999
1.53346
1.35794
0.334766
0.803207
-0.301646
1.59745
1.74828
0.229026
3.46062
0.555938
0.131954
-0.774183
2.96503
3.64039
1.64654
0.317174
0.142812
-0.323533
-2.16587
-0.879682
-0.210794
0.59707
-0.786256
-1.631
-0.981465
1.78345
4.16158
0.413055
1.79152
0.483439
0.379909
1.10694
0.270522
-0.360695
1.47692
0.555856
2.33967
0.5472
0.159413
2.90798
3.66292
2.17993
-0.41694
-0.730003
1.01059
1.63306
1.0143
0.952101
1.28575
2.70512
-0.869748
1.92032
3.23026
-0.976405
1.50985
0.427943
1.41623
0.766202
-0.664321
-1.6259
-1.07577
-0.0766783
2.94824
0.578943
1.20003
4.23006
2.06733
-1.61685
1.16971
1.66547
-0.584506
1.63934
2.69675
5.58602
4.07335
0.183423
2.23633
-0.648767
-0.0130594
-0.152354
0.921326
4.27943
-1.87935
3.14912
2.39553
2.86189
0.567107
-0.220465
0.00963261
1.90966
-1.89878
0.731388
0.770498
2.11887
2.62963
1.18458
2.26253
2.16178
1.12896
1.99235
-0.255978
2.39341
2.14504
-0.282641
2.59371
-3.27827
-1.74996
0.290811
0.377097
0.414459
-0.38696
0.283157
3.72927
1.67861
1.08902
0.769261
0.740214
3.28716
-0.832528
0.453313
3.81744
-0.685008
2.34953
2.79668
-0.194361
2.20205
1.65576
1.67412
1.42113
0.945484
-2.1842
-1.47691
0.898681
-0.631792
0.271605
1.62182
0.701326
0.879816
2.9975
2.20953
-0.664125
2.01092
-1.43489
0.983411
0.967203
0.838107
0.0515153
2.75929
3.22782
1.78177
1.24693
3.03993
0.529524
1.57587
2.06785
0.715235
-0.294677
1.48873
1.75916
2.30233
1.66092
-0.723075
1.69879
0.881477
-1.76334
1.5622
0.570795
2.31382
1.02769
5.30205
3.06234
-1.34193
3.77248
3.6063
-0.845939
-0.60185
0.835168
-1.34333
2.09827
3.34999
2.03064
0.762136
-2.07131
0.69676
0.110149
0.290817
-1.27512
0.923509
1.62579
-2.36222
2.85299
1.79949
4.41234
2.45459
0.158874
3.3406
5.72563
1.53149
-1.46665
-0.658659
1.67082
1.30511
0.264319
-0.659307
1.84631
0.161872
1.36815
1.26268
-0.422881
-1.33614
0.779063
1.35497
2.23386
2.81745
0.73304
-0.221531
-1.17669
2.59342
-2.6174
1.23311
2.13386
0.602154
3.97974
-3.00456
0.38372
1.296
2.55885
-0.890134
2.02021
-1.18749
1.97001
1.73386
1.7157
-0.00177071
-1.46678
0.466042
0.0963212
1.68003
0.0197351
0.394466
2.14728
-0.119699
0.789434
0.60494
1.71581
4.9144
-1.225
1.9609
2.5123
0.553648
1.84661
2.8036
2.71581
-0.0600694
0.0601331
-2.35071
-0.732177
1.5227
-1.97837
0.0490767
3.03989
2.12547
-0.339748
4.47149
3.34481
-0.161866
1.02435
3.3855
2.58948
0.832465
2.6277
4.8662
2.68928
0.60155
1.46095
0.997187
1.89585
2.32054
-0.826589
3.83247
1.37143
1.95615
-2.96258
0.78549
1.71145
0.617768
1.33934
-0.572641
0.934099
2.59171
-2.05244
-0.221941
1.12168
-0.0594383
0.328843
-2.4776
0.164814
1.48906
0.918194
0.87751
2.50497
-0.0168104
-0.34899
0.616541
2.29678
0.47329
2.79844
1.39462
1.26764
0.962018
0.236041
0.97132
0.988832
-1.02264
-0.218475
0.773221
0.594256
4.38882
0.108906
0.266747
2.89972
-1.00486
-2.65328
3.92687
-0.142296
-1.85967
1.52921
1.85442
1.94006
2.09062
0.232151
2.05668
1.33931
1.42276
1.34597
2.09344
-0.206239
1.87682
-1.56153
0.286356
-1.25509
1.59766
2.31825
0.310371
0.601637
-1.29172
0.610575
1.0499
3.29302
1.01254
-0.471033
1.23707
0.309166
-2.57752
3.11307
0.586635
0.574824
1.79309
1.13543
0.494675
1.50634
1.49227
-0.855858
2.56885
3.69438
0.822587
-2.04615
1.56045
1.3811
-0.0287663
-1.28627
1.52119
1.21354
5.89738
4.44256
1.99044
-0.38074
0.0203359
-0.71403
-0.441599
2.21273
1.57547
1.12773
4.00145
2.3012
0.197819
2.83658
2.63238
-0.342223
-0.302742
1.34109
0.0773457
2.00461
2.38666
-1.12317
1.74683
1.09277
2.66933
2.95646
0.878497
0.68895
0.918518
-1.23754
0.457816
2.66641
2.24545
2.29097
-0.227001
-1.59202
-0.583674
1.42631
2.10931
4.04265
0.305512
-1.99504
0.559793
1.20342
0.0885299
0.760321
1.17153
-0.417466
1.80826
2.29256
5.33693
0.96136
1.19024
2.57976
1.20657
5.46934
0.43316
0.437097
-0.144867
2.03404
2.78596
1.45876
0.0972468
2.74078
1.61849
3.98133
1.53863
3.03285
0.997117
2.92495
1.74403
0.421922
1.28027
-0.2244
2.31412
1.06996
0.279752
5.98464
1.6419
1.19187
2.39194
-0.949225
0.847389
0.738028
0.772269
-0.503165
-0.246984
-0.336724
-1.81252
0.921196
3.60315
-0.275212
2.90542
-0.970463
0.155757
1.50438
2.54117
2.43916
1.20894
2.16686
0.724557
2.4436
-0.356983
1.35735
0.563569
2.52503
-0.0109095
1.6443
2.01619
1.67858
2.38701
2.35363
-0.439607
-2.59287
1.4178
2.21252
0.509374
3.49497
-0.821836
2.40688
-1.85
1.9221
0.663053
-0.0714016
6.40529
2.03933
0.675862
1.46289
-0.232461
1.82994
2.30442
-2.05078
1.44186
1.35247
3.14796
0.142497
-1.38937
1.09567
-0.763702
0.125621
1.52788
-1.82348
0.523075
-0.338732
0.376886
1.9261
-1.61326
1.49459
2.0018
1.20888
2.09111
3.37357
-0.505271
1.63895
-2.86426
3.04391
1.35587
0.0704077
-2.03463
0.383462
-0.505654
2.28296
-0.333172
-0.662105
2.48636
0.830991
0.172496
3.17015
0.995251
2.73476
-0.107348
1.92782
-0.194437
4.15236
4.15373
-0.777625
-0.471811
1.91415
-0.157293
2.75775
2.35615
1.8704
1.5149
-0.0881938
-1.27367
0.164255
1.62611
-0.908258
-1.25477
-0.607788
-0.513084
2.5132
1.213
2.24808
2.54003
-0.623775
0.402643
3.6707
1.22701
-3.09154
4.13818
2.83535
2.97565
0.456666
-1.7713
2.35351
0.617412
1.8582
0.169533
2.38065
2.52448
3.37006
0.0205968
2.92825
-0.631769
0.63221
1.20896
-0.213865
0.908754
-0.10482
2.21885
0.626862
-1.64787
0.632054
1.32305
-2.02965
2.54206
0.336299
1.79203
2.18062
0.111297
1.37326
1.45259
0.438961
-1.01459
0.100535
1.13877
1.5099
2.58055
-1.37771
2.49619
2.03899
1.27975
2.45215
0.235083
1.80827
-1.4619
1.82704
1.96162
3.73727
1.59832
-0.605613
0.62238
0.597326
2.49842
0.605625
-1.33275
0.799051
-0.520757
0.501816
0.957389
2.66165
2.75452
-0.279539
-0.290878
-1.23744
0.140232
-0.724927
0.771722
3.11252
0.458661
-1.04821
1.86967
-0.989425
1.50166
0.9085
-0.122404
2.50006
-1.42692
2.18011
2.50421
-3.35497
2.82445
3.41887
2.31187
1.75297
-0.81479
2.11879
1.18732
1.22836
-2.22474
0.314696
-2.406
2.64238
-0.656156
1.18603
-0.791118
1.46905
0.263962
1.71862
2.68867
3.05063
0.190165
1.30556
-0.104233
0.794042
-0.170339
2.49265
2.56197
2.59642
2.11623
0.425596
1.9283
-0.282233
3.81337
0.238174
1.15864
1.40687
1.75563
0.234991
-1.3019
2.13294
-0.575578
3.56524
-1.89571
0.111129
2.09052
0.392901
-1.13158
5.22954
-1.23003
1.46062
-2.55003
1.66699
1.56156
1.74037
2.07329
1.24066
2.90605
0.447692
0.898693
0.562363
-1.37544
0.762003
0.145716
1.99601
0.494611
1.21251
0.708834
-0.845054
0.420682
2.33423
3.2754
1.22579
1.36603
4.33583
1.82216
2.79783
0.360947
-0.245438
-1.03885
1.64601
1.03396
2.21508
2.60523
1.28158
0.212527
2.55946
2.41195
0.853019
-2.84392
1.13141
2.81825
3.80703
-1.58223
-2.66825
1.46087
1.43563
2.83145
-0.130137
0.499438
3.33518
0.509464
2.20119
-0.95773
1.98013
1.46486
0.878261
3.24703
-0.233749
-0.918134
2.38926
1.53797
0.490683
0.615484
-0.668629
0.275852
2.36317
0.82896
-1.78402
1.60867
-0.0111272
-0.408658
-0.153208
1.32864
0.000766845
0.478109
2.45099
0.839402
4.98911
3.39671
1.24727
0.230311
0.477775
0.636721
2.28941
-0.0662545
-2.84533
-0.153058
-0.0713373
-1.18297
3.83365
0.723596
1.18266
-0.800803
1.93858
3.62327
-1.12085
1.33294
0.843183
0.65771
-0.791068
0.320906
2.4567
-1.0004
1.86392
0.980348
0.338962
0.930071
1.94618
-0.665052
3.62728
2.64795
0.819052
1.06934
-1.641
1.59929
-0.664124
-1.38985
1.62384
0.111604
-2.29784
-1.76394
-2.01749
1.57395
4.56681
2.90476
1.21911
2.4582
3.26121
-1.35757
1.82547
1.38149
0.00787463
1.51658
1.97225
0.0225089
1.83362
-1.5612
1.14385
0.63733
0.90826
0.926231
0.352698
-1.67256
-1.98103
2.92273
-0.84451
-0.836244
-0.249682
-0.302178
-0.584038
0.192022
1.81378
1.1886
0.555288
3.17974
4.29292
2.15071
2.0326
3.99679
-0.799017
1.02201
-0.201046
-1.7043
-0.118951
3.21103
3.02232
-0.386159
4.71773
-1.94929
-0.00664725
1.32185
1.9175
-1.27685
0.179746
1.45169
3.26223
-0.27602
1.33944
2.3516
-0.0597617
-1.52627
3.1853
1.47699
1.75829
0.203552
2.61138
-0.305733
-0.316052
1.70063
0.319423
4.34944
1.52186
-1.10393
2.01669
0.958449
-1.56474
-0.988726
2.28765
2.6232
-0.532005
1.00213
0.681665
1.87216
2.60129
-0.815059
1.83734
0.70565
2.56485
-0.586979
-2.55589
-0.0222176
4.27595
1.40333
2.86882
2.21559
-1.42744
2.79341
3.74767
-0.216875
2.24235
2.20546
0.924545
2.57196
2.34098
0.330366
2.50232
-1.73524
3.33623
1.69811
2.20038
-0.409608
2.61496
1.25981
3.20042
1.07848
2.02735
4.01929
0.609041
1.68618
2.51864
1.05234
2.38663
1.46546
0.271226
2.19147
3.58633
3.54251
-1.51368
0.6788
1.26741
1.80327
0.956752
0.511972
-0.847085
2.30286
0.962892
-0.431707
0.470597
2.89554
0.196499
-1.14673
1.46064
3.12033
-0.225328
4.79199
0.356736
-0.482463
1.37884
-0.00980409
1.36763
2.83589
2.98367
0.979882
2.59242
1.75879
-3.01553
-0.320291
-1.72882
3.75779
1.51145
1.75038
-0.252314
1.95458
-0.377047
-1.47723
1.73963
1.0129
0.52082
3.74425
0.290373
-0.12112
-0.326974
1.90129
-3.24016
2.88985
0.595616
0.151573
-1.01405
-1.31292
0.404231
2.27341
-0.0885411
2.39051
1.05885
0.270317
-1.10308
1.30718
1.3598
-0.695391
2.82871
-1.9985
1.0178
0.659905
1.32423
0.875964
0.646139
2.54662
1.97082
-2.63143
0.476033
1.64457
2.26437
0.319287
0.317453
2.09735
-1.32344
2.48817
1.29991
-0.109573
2.63099
0.895373
2.35975
1.67619
1.46232
0.81573
3.10466
0.0742124
-0.00501493
-0.0349103
-0.767666
4.51643
0.868636
0.0263337
0.0984493
-0.338166
0.452263
-1.68705
2.48836
-0.368922
0.589271
0.115953
-0.333122
1.27514
1.14815
0.761128
3.32302
5.12319
1.6352
-0.921815
0.261613
0.668795
2.55414
3.24157
1.53779
0.929075
0.605503
-0.610542
-0.387936
1.6897
-1.67592
-0.0702283
-0.25538
1.54018
0.64097
3.42927
2.83537
1.68441
0.45223
-0.948507
1.252
0.0298151
-1.15001
2.72389
0.539533
4.29995
-0.960879
0.859567
-0.20747
-0.64462
2.38463
2.36157
1.66126
0.553725
0.364585
3.56477
0.429293
1.25344
3.02695
0.838059
-1.44589
3.11679
1.97275
0.820552
2.16775
2.48968
1.97848
1.30041
-1.13735
1.23814
-0.782623
0.767874
3.18679
0.917184
1.62243
1.0523
-1.24752
0.878098
2.71972
-1.25368
3.76451
-0.50426
1.89515
0.328555
-0.825198
1.9758
-2.00528
-2.91837
-1.49106
1.06689
2.70207
0.296463
1.5607
0.863793
0.381426
0.595238
3.13909
-1.29659
3.92765
2.22729
-0.00227702
2.72645
2.79799
1.058
-0.0711894
-0.125789
2.24413
-0.000419895
0.275363
2.26657
2.71576
4.62633
-0.677888
2.28666
2.2089
-0.314222
-2.73789
1.25655
1.78072
0.68818
0.282369
0.226005
1.90369
2.9832
3.71787
0.818702
-3.76832
4.74932
2.55788
1.76994
3.58596
2.357
-1.98894
2.45346
1.39336
3.19811
0.564102
-0.460936
1.74721
-0.876097
-0.630123
-0.820136
0.067236
2.61201
0.464189
-0.98572
0.554908
3.08179
0.377872
1.66247
-0.717197
-3.39093
2.49676
0.367795
0.264437
2.14171
1.21069
1.91903
0.658652
-1.75504
2.63838
3.12811
0.325319
3.7181
-0.200833
0.92253
0.75402
0.816789
0.00191759
0.0663584
-0.152253
2.29956
2.7764
1.05384
0.0551906
1.45095
0.583121
1.10315
0.78585
0.880222
0.178692
1.34403
2.14442
1.73029
3.38524
1.51366
1.07005
-1.5029
0.462095
0.997486
0.221134
0.60563
-0.689952
4.13287
-0.618319
0.126695
-1.85997
1.68788
1.20415
1.2536
-0.0116833
-0.386081
4.55101
1.00944
-0.405083
-1.66291
1.08728
1.18881
3.0921
0.3492
1.35992
2.21477
2.11689
2.43822
3.59796
2.0658
1.68863
-0.984568
-1.71499
-2.19
0.674433
1.2749
2.12847
0.884896
4.59955
2.1783
0.0167876
0.280208
1.81485
3.78646
3.15653
1.35417
-0.101415
0.23863
1.62316
1.76405
4.69945
1.09755
3.52389
0.878324
1.56674
-2.13632
2.14287
-0.630972
0.104926
1.22598
3.35891
1.96186
2.44206
-0.113286
3.29886
0.575457
2.63018
-0.394121
2.18414
-0.230089
0.846437
1.68069
3.64722
4.81352
-1.56762
1.412
-0.578925
0.947997
1.29375
-0.387156
1.79104
-1.92065
2.44371
0.718972
1.06123
0.218535
1.99508
1.42727
0.37453
2.87511
0.762035
-1.97176
0.839214
2.25027
0.698794
1.80491
-1.05577
1.09405
1.569
2.13258
0.92087
2.10116
-1.93527
3.36674
1.97591
1.17834
1.15155
3.99922
1.59593
-0.300324
0.680086
3.48211
-0.545806
2.68427
1.38229
-3.82281
1.0195
-0.519763
1.07232
1.68338
-0.759051
1.55292
-1.69982
0.774867
-0.670437
1.55146
3.63883
-0.622478
2.50554
-0.549413
0.407897
2.60313
0.311722
3.59046
1.19147
-0.711978
1.10024
-0.34941
0.373932
-1.29571
-0.58149
1.10232
-1.68982
-0.866266
0.50142
0.744588
1.90793
2.80562
1.0525
-0.217942
0.339085
0.360987
3.41674
2.08675
2.24688
1.64962
0.657185
2.51447
1.9356
0.970462
1.32094
3.37959
1.08595
-1.65794
-0.233287
0.00935999
1.00411
-0.200308
-0.160171
0.71875
0.787518
-0.203454
1.48721
1.31793
1.22486
1.31661
0.2218
1.22426
-1.19354
-0.0265622
0.603539
0.790714
5.04196
0.418521
-0.461214
0.934349
4.77445
1.94363
1.69789
1.96095
2.03739
-2.30124
1.67858
1.97764
-0.568683
-0.644727
-0.987329
1.75602
-2.08686
-0.39062
3.07405
2.09843
1.48409
-1.68446
-0.889083
-0.519034
0.59964
1.46012
3.34049
1.4518
-1.05638
2.99159
-2.04373
1.97856
3.77471
2.22006
3.58751
0.00238409
-0.0205711
-0.984441
0.851826
2.29772
2.50622
-2.35894
1.49001
2.94615
0.451652
0.96282
-2.37332
1.21386
-0.614343
2.36809
2.85887
1.04973
-0.144825
0.802799
3.57932
-0.566852
-0.907175
2.67642
0.66819
2.63428
1.48386
1.88894
2.12295
0.566224
2.45976
-0.772492
-1.02157
3.85933
3.26152
0.14765
-0.444918
1.74844
1.68584
2.62089
1.59532
1.41331
-0.286214
0.734072
0.767879
-0.178711
-1.88357
1.6667
-1.19912
-0.342456
1.25366
0.874246
0.459179
-0.649434
2.02518
1.99192
1.91916
3.37064
0.401512
-2.34575
1.18498
-2.35716
2.09944
0.322904
0.85326
1.34467
0.415033
0.330321
-1.93151
-0.0942922
1.1838
-0.038135
-0.146054
-0.949375
2.69503
0.775792
0.0119151
2.88557
2.61471
-0.340179
1.58338
3.04118
0.989876
-0.801845
-0.623717
1.35469
3.97788
-1.84333
1.21284
0.483189
2.60898
1.53377
0.263639
2.69759
-0.924351
-0.200279
0.564127
-0.394047
2.55951
0.472211
5.90237
-0.00188244
-0.88737
1.43274
2.27342
-0.0648601
2.77391
3.52186
-0.533593
0.0108216
0.545498
1.7919
1.91336
0.283836
-1.4531
3.27983
1.1361
-0.603152
0.206874
3.28717
1.86333
0.192655
0.635393
-0.608126
1.1261
-0.635283
0.623114
-0.0576185
-0.806938
1.55416
0.896202
0.0727886
-2.04997
-0.425504
0.649282
2.91662
-1.18742
0.417631
-0.535311
2.01284
0.880632
3.02558
2.92865
1.65794
0.448114
1.12157
1.2514
0.446619
1.76957
0.188114
1.70386
4.18009
-0.97904
1.42452
0.195562
0.145956
0.16408
3.0607
0.945353
0.431066
0.742
1.62445
1.20031
-1.17273
2.16196
1.40235
1.59257
3.17892
0.464049
0.907265
2.01403
-0.0387726
2.04078
2.22399
2.68035
1.84716
2.16645
-0.408231
3.3471
-0.356132
-0.30566
1.14036
0.208791
0.103486
-0.349755
4.09606
-0.453498
-0.540586
-0.975687
-0.481164
-1.75743
0.417594
-2.99991
0.929497
0.964746
1.19873
1.60324
2.01743
0.807805
0.507954
1.51223
4.52966
2.70256
1.33095
0.861686
2.38539
-0.201628
-1.00621
0.858618
-0.495155
2.00543
1.10623
0.640317
4.27
2.07142
0.57585
0.534999
2.29354
-0.222403
2.15333
1.51377
2.6565
0.964099
4.15082
-1.87311
1.06866
1.11699
1.23724
1.00491
3.063
1.70319
3.66146
2.32459
2.14871
1.34301
-1.30225
-1.16882
-1.23602
1.45617
2.32599
-0.0227967
2.38843
-0.718545
-0.478827
0.562701
0.238985
-0.759411
0.863268
4.50132
1.53141
2.70173
1.65607
3.12393
1.4303
0.0355131
1.22898
0.910133
-0.907187
-0.326256
1.79884
-1.35348
1.05899
1.75911
-0.323121
0.719507
-0.900949
6.77123
0.826332
0.2325
-1.52638
2.20428
-2.15791
1.97713
0.100587
0.381215
2.03708
-0.409141
1.15902
3.10196
-0.391245
2.46141
3.79265
0.67938
1.57973
1.54637
-0.558562
1.8015
0.507048
0.801453
0.0192543
-0.704345
-1.60272
0.064094
5.33823
2.26561
2.06421
3.13329
3.06559
0.0941066
3.00517
-3.99599
-1.3481
3.10053
0.209557
0.306788
0.756592
-0.0755146
-1.6702
3.4693
4.85175
-0.0542608
4.0244
3.06297
0.184033
0.797618
1.58047
0.940262
3.10255
0.653605
-1.8515
2.33969
2.00357
0.883091
0.984331
-1.85613
-0.775177
0.0937022
0.933071
2.12786
0.607062
0.224024
0.256251
2.05398
-0.287911
2.42993
3.39259
