83.6862
215.108
371.499
115.174
-230.353
-4.53328
19.3003
196.042
-68.2513
-101.712
262.372
-107.631
-122.755
58.1521
48.8588
204.504
59.0463
147.692
152.076
-87.3239
145.993
137.652
26.0517
10.6684
11.7487
-113.287
-46.8071
148.868
27.6592
79.278
271.315
22.9267
-39.5297
163.016
66.9424
60.3053
-39.9229
337.931
59.3973
298.295
132.31
-159.628
157.425
155.934
142.346
47.8552
-33.7655
97.0265
123.888
-26.0512
-195.407
140.757
183.341
109.697
211.772
-97.755
21.209
95.7068
-37.2347
281.64
81.67
135.054
-30.057
139.511
125.007
-30.548
158.439
116.752
162.431
64.7628
-23.997
241.097
146.316
-18.5055
182.361
-92.8689
36.8929
56.2936
139.517
77.5608
127.531
106.587
114.97
-87.407
117.618
-33.8281
220.502
148.472
70.299
-9.59339
89.2428
76.1516
2.80401
-34.7224
63.123
-36.2207
111.047
3.08936
108.464
5.88469
278.874
89.9602
143.198
185.746
192.04
-68.7953
77.511
-33.5572
294.44
244.906
18.8223
37.4255
-159.87
35.5833
82.0628
14.1718
-49.2587
-120.174
-96.7323
52.0866
42.0316
75.8057
176.535
140.459
178.347
146.484
81.5935
32.1243
-21.5652
78.8283
13.9883
156.034
-22.7303
167.016
198.817
-40.9423
99.6014
110.847
-19.9811
-88.5489
4.546
72.2125
47.8819
146.591
91.623
258.72
208.817
86.5049
-75.9476
-2.93437
183.13
218.071
-63.1017
170.786
220.162
253.217
-4.44632
164.782
113.088
79.5775
-80.9495
-68.8323
-21.9967
269.773
76.2676
120.729
-59.6832
-7.74551
201.768
46.8027
34.894
131.129
-33.0556
-6.10205
56.7091
-47.0805
125.303
67.2303
160.823
117.018
166.831
-62.377
-3.2024
-47.2
92.9677
9.95341
-37.3047
-92.593
298.946
88.375
-64.8971
1.0442
99.2188
124.817
76.3085
55.1061
232.186
109.127
198.471
17.7648
43.3661
283.836
-34.9727
103.791
120.908
142.218
142.214
142.494
169.987
5.63254
0.712499
135.356
-32.1991
131.32
133.549
31.5981
69.2278
17.4353
60.9476
-92.8794
156.765
43.0894
219.481
10.2156
268.355
27.3503
139.944
-56.3917
225.406
75.0566
135.096
158.239
36.1624
-25.5367
88.4405
115.053
147.838
320.611
19.3199
76.4392
-17.7381
131.652
-65.5115
57.7377
-199.848
-81.0391
150.46
-15.3157
180.072
122.731
82.5687
197.523
37.9717
-34.9798
128.028
43.0072
309.015
209.183
111.912
90.1924
-8.3406
-47.7801
45.8285
97.2885
-2.50406
-73.5589
14.6998
-23.7379
90.8828
79.4524
199.201
58.4683
27.9569
37.9832
-31.1468
84.5925
107.964
66.763
-43.733
110.906
-76.7721
154.636
-29.2169
41.1541
164.834
-17.692
48.3035
274.479
38.4539
163.335
211.191
124.618
27.1486
146.855
-115.171
155.187
64.208
24.0559
27.3155
105.238
137.78
60.3448
-189.506
84.8216
-17.0491
127.409
57.831
28.7281
185.85
155.456
-6.44222
93.0109
115.894
166.604
227.59
-4.54718
208.655
167.603
44.7042
62.3005
46.6816
100.803
-123.479
123.369
54.2668
47.4516
106.905
-62.909
81.2634
-8.44465
-116.192
161.03
122.104
-92.0211
-26.8664
-40.7022
152.469
105.168
185.932
86.2139
21.1597
114.237
-43.1768
-15.2027
177.673
247.351
265.247
141.793
132.719
-37.8982
-27.1387
-1.11139
-135.807
3.56611
83.8986
-138.653
-54.3357
110.577
-180.953
179.477
100.539
106.715
140.827
157.562
105.992
90.4325
61.6801
33.9002
297.494
42.7034
125.253
108.116
87.5844
80.8524
3.62739
127.562
184.786
83.2258
102.444
90.8076
10.8435
-68.3909
62.4893
-63.4854
219.725
257.604
15.1847
0.595719
-4.4961
108.993
-65.5942
216.015
-42.861
355.211
-45.1228
14.226
-2.87489
29.8477
-126.691
67.805
8.04904
146.087
6.33255
92.5152
127.074
198.926
52.032
6.46812
37.3076
97.3871
31.9558
-11.2129
-44.6607
-13.2016
139.388
50.1309
-58.1738
-63.3292
182.211
-3.4117
16.2971
-50.7643
-32.543
-24.2866
-5.85118
266.969
82.7275
97.4534
207.511
70.1497
185.95
139.852
90.6996
65.6983
-89.8985
-26.0265
-115.212
-63.2866
125.665
82.6519
120.649
-90.4311
169.083
-109.547
192.09
47.6504
-13.0396
26.7751
99.741
-131.919
96.0808
96.8982
51.2462
122.065
99.881
-39.4745
29.5443
127.145
123.939
7.09373
122.212
107.502
-15.6069
-28.8405
81.5048
-22.6444
-83.6392
47.4785
56.9675
155.356
52.7147
144.524
41.9371
-30.9647
224.78
130.239
180.593
18.9014
155.843
213.877
196.193
164.52
136.56
-178.962
84.9573
2.41247
122.713
180.096
291.842
85.4787
-14.5599
145.79
47.2493
188.365
62.9177
-17.5217
9.38632
189.389
205.345
98.245
59.0826
-53.6822
155.056
140.548
-35.5686
168.976
51.9376
148.879
-97.0353
54.4515
187.535
7.25081
129.573
125.069
41.2013
96.0446
-13.9193
155.517
123.258
92.7383
12.3224
134.964
43.8205
204.451
146.017
23.2085
169.115
113.056
129.038
-17.3668
224.407
-94.6435
4.77615
200.897
-70.2482
50.1904
132.14
87.6575
46.09
284.201
45.642
58.6797
41.643
131.597
170.097
342.738
82.4004
9.93452
188.039
49.2288
58.7456
188.486
74.6638
134.234
11.8946
105.897
67.144
253.194
12.9882
152.017
11.7948
110.61
154.688
27.2608
-12.5093
-93.7154
73.8223
112.782
144.667
144.67
-32.2927
33.643
90.9185
-41.8579
7.84136
-18.1052
-130.972
-8.56869
236.616
-35.7365
105.259
54.461
210.763
-12.1057
150.165
42.6021
58.7033
94.5552
38.4802
220.586
188.034
122.68
-19.9603
288.324
133.284
-132.168
-29.8835
41.3159
-70.2133
148.549
96.5945
33.658
78.6589
69.2734
43.8636
230.314
84.8271
83.6119
99.4271
177.53
-64.4506
27.7446
133.206
224.242
133.064
45.5066
138.254
214.057
147.277
-63.1638
13.7921
-67.8579
6.48373
154.436
209.219
78.6077
62.5023
181.773
94.0719
73.4078
17.8684
81.1223
39.1999
124.669
-4.88456
48.8143
118.969
237.446
191.795
92.9546
91.6034
87.0786
-118.139
26.6754
-96.0779
36.0423
-89.7966
105.073
-79.154
-185.946
94.933
167.677
-61.5848
202.733
78.8505
-97.9984
59.0315
51.5874
24.5892
-17.8286
347.051
-38.1925
-89.2596
212.101
134.278
330.961
223.934
33.5707
39.1758
169.956
66.2617
33.6551
119.891
54.3471
118.29
-53.4597
10.1091
3.96259
119.61
80.97
13.5992
28.2025
119.809
143.338
-18.4633
21.4927
-60.6771
74.9872
6.18555
153.178
-64.2461
-75.168
26.8676
94.4663
184.795
-107.548
-115.409
-96.0246
56.0987
111.92
-4.28527
68.7409
-93.2708
172.606
27.5775
100.173
246.365
124.041
165.43
98.0193
97.2346
39.8025
77.3899
273.464
225.823
-15.5573
-3.11177
131.561
-40.954
-42.856
9.63549
122.697
-51.3068
119.014
92.8856
141.259
7.91722
157.354
123.196
117.136
-48.5364
98.9885
-129.525
199.37
94.0134
226.328
180.314
0.625759
186.552
47.7434
89.6151
150.892
91.127
-59.719
41.2835
58.3081
-14.2006
41.1114
160.355
53.6863
75.8405
272.082
114.538
162.685
194.307
60.1053
109.659
123.966
24.3457
183.2
283.186
69.8485
-64.6887
54.9605
-6.32009
15.5896
134.852
124.957
-26.2148
53.4029
145.531
198.442
293.962
107.776
7.68874
34.0946
258.627
24.7818
77.1118
27.818
-103.594
63.6237
151.434
99.326
204.741
39.9191
159.611
72.0351
29.3302
185.936
-14.2474
-56.4826
-10.0046
-83.1156
-97.9086
345.776
324.137
164.554
-180.933
56.2797
182.008
167.001
90.974
36.2333
88.4757
230.818
-13.9687
190.42
-41.3451
-13.223
82.9
25.3407
-32.0919
-53.7968
352.725
-4.47089
-26.6239
12.3315
69.7543
-188.406
35.5284
57.9661
-11.6373
98.4531
19.5399
109.031
115.48
45.8914
-83.7619
8.15938
156.552
159.509
78.2103
19.2645
183.413
210.165
86.0962
-20.8143
177.772
41.6139
47.796
-54.1204
172.987
-60.5931
102.255
11.7235
31.3548
300.102
-38.0674
117.018
-36.8205
104.363
110.612
49.5586
147.352
54.3453
47.3491
46.8249
7.5628
27.292
64.2293
91.9639
-40.7864
9.97667
105.643
192.642
68.1735
128.496
-214.078
64.3163
126.76
108.012
143.802
87.3459
203.809
-44.083
29.233
4.2879
156.642
167.078
35.8918
9.01532
319.335
-160.705
-42.8278
-29.9913
45.1118
0.825189
164.341
49.1938
-9.22569
55.5683
128.092
31.1452
97.923
-22.6556
116.536
138.854
145.288
133.554
167.793
197.519
231.794
357.851
29.2315
92.4611
142.438
-42.1125
94.482
-103.211
190.795
213.03
6.40345
124.555
-41.3148
115.089
208.743
-3.1701
87.7287
47.7973
14.7027
111.526
115.298
90.8579
-112.792
68.818
-42.6002
110.882
164.099
-19.777
5.42933
75.0894
56.8449
108.737
62.848
101.938
-37.3579
182.88
-92.1249
79.3535
149.761
127.891
50.1723
143.514
140.006
75.0678
63.1746
99.0937
44.1525
82.0604
-37.7141
11.1781
69.2967
194.465
63.7216
146.121
46.1392
58.1093
24.9055
313.002
175.193
21.8925
123.28
-32.2332
-31.1127
12.6473
93.3026
97.7718
25.1193
-3.18525
130.625
230.697
94.4072
62.2508
-79.5054
41.5807
155.148
107.392
-0.951954
285.301
142.386
43.3919
289.938
331.369
149.952
-9.48751
139.033
174.296
99.6033
158.364
40.3443
-86.8499
53.1335
131.243
87.548
-82.0362
110.085
-57.5794
88.7822
14.4302
237.891
-39.9276
-45.4009
39.3704
201.333
289.851
92.606
136.741
142.9
123.267
-15.481
48.7416
-86.5804
89.9149
150.647
-102.081
136.797
123.616
228.846
40.0141
42.9006
175.961
161.507
53.7087
93.5447
84.4183
14.008
138.935
-139.515
51.3506
-5.55482
151.675
96.8728
-77.639
-60.4618
156.451
118.153
15.0439
1.04432
308.656
29.5871
45.8964
113.925
-0.395735
134.642
99.2096
41.1225
54.2376
294.141
190.958
2.47295
174.093
169.27
171.162
35.8572
73.3762
-0.380481
13.2038
-42.0092
-65.5004
-139.862
-121.665
79.8412
52.131
-37.2883
103.576
-1.30758
-77.8155
82.8369
58.1945
110.99
115.744
156.827
49.1082
40.3051
91.3562
185.478
282.271
133.719
24.9006
120.195
207.517
191.022
174.802
279.451
164.267
46.7274
-44.2426
61.2717
155.965
-23.529
-56.7616
-43.9945
290.189
143.626
226.28
197.641
35.9026
223.31
4.28829
64.2714
19.4829
184.237
-48.1943
84.4434
282.879
206.113
-7.71406
-14.535
-3.80614
-107.024
-94.4056
182.741
-153.342
119.457
38.7431
-130.409
21.1698
17.274
165.581
143.971
-60.5592
-21.0626
84.9091
96.91
-37.6759
-52.112
-38.5688
-145.27
272.958
35.7416
189.54
35.9429
2.54652
130.725
-109.908
-41.0613
237.385
103.361
79.1603
-0.738963
332.177
1.90093
74.7355
72.3659
22.1552
10.0167
208.056
118.823
203.733
-17.5689
148.191
66.929
232.228
-118.17
-79.9994
69.7898
151.96
-39.8697
-36.363
150.705
20.6806
305.993
145.571
13.8639
96.8341
44.7703
12.1977
-0.206509
-22.3235
74.3239
36.2382
75.3875
-5.40204
93.7461
45.0854
53.0048
25.2972
92.4552
221.674
48.6582
139.273
178.288
46.2128
139.517
-47.9409
-56.9185
108.535
133.845
168.563
-201.542
183.614
97.557
133.153
95.1924
30.7459
249.384
-73.1391
30.9042
18.6358
89.8518
141.938
-70.5563
134.577
199.56
33.1822
172.444
115.993
229.23
190.108
-21.6119
129.692
7.21901
108.751
162.308
162.057
64.0859
-19.5186
-151.517
97.8151
79.2097
16.266
179.419
94.5757
64.4112
107.281
171.471
207.436
128.381
90.2536
165.643
195.758
166.377
28.7825
-1.55826
7.45778
33.2081
47.9361
173.476
198.306
-45.3616
-54.4016
-62.7465
152.605
-127.165
13.2825
119.875
25.6356
35.6557
135.03
193.349
111.175
-99.6394
107.622
101.735
71.2866
59.8286
25.5893
180.201
75.9882
186.864
90.0307
-84.8351
-3.83253
71.7048
-34.3644
56.3544
221.632
-13.4277
105.579
326.686
83.788
-165.808
32.2812
106.66
104.439
123.667
126.638
257.958
40.7047
211.436
59.1809
-20.8987
47.2888
63.5786
116.935
171.724
179.892
-94.1966
-24.095
102.303
161.054
-12.9124
195.04
82.4187
105.907
-71.1032
-32.2728
177.001
-50.5583
-10.0936
74.3094
-24.6069
29.1717
-75.4785
307.505
-50.2828
-58.9236
82.6209
59.6971
127.719
121.449
-7.99485
15.5304
-30.7503
340.438
259.406
110.013
171.055
137.966
91.5693
59.2531
360.484
45.7123
58.8502
27.2938
1.48065
68.4046
84.3046
-55.6257
248.157
-28.4997
137.096
37.0755
70.5507
37.6788
137.266
20.7262
8.14283
76.0992
259.58
183.267
2.19369
56.9223
123.105
-34.4074
89.2386
-0.726677
215.449
86.5252
22.5271
-21.5482
102.785
35.5487
-15.2636
1.87516
54.4915
80.5007
-145.049
23.6589
-57.3977
119.204
17.5152
97.6659
23.31
91.0374
57.6876
60.7269
328.578
53.4668
6.65596
-78.6924
170.829
-80.3141
232.47
74.3196
31.4311
67.7053
181.165
-2.50872
194.639
240.035
102.76
-34.2376
74.1814
-13.9887
157.976
44.6609
184.788
92.5776
75.6027
247.818
-44.789
106.625
217.366
38.7441
40.5959
87.8573
111.992
179.271
147.547
53.6186
175.418
180.991
188.73
10.7352
100.69
25.5346
-83.9284
172.432
-4.42469
-61.9212
68.0822
-73.213
-133.894
69.4709
31.8628
-35.926
13.97
-129.617
-33.3003
274.403
140.623
29.2206
352.271
92.3778
106.292
93.3148
151.025
136.464
-73.9365
59.6613
75.7828
78.8414
-100.277
99.6107
110.318
-88.5642
44.3243
32.4322
112.159
336.943
95.8103
345.726
228.541
231.001
0.324154
57.4177
72.9355
-145.239
-137.689
233.051
248.256
-84.4079
195.901
25.2633
272.611
104.626
199.114
189.003
-204.62
86.0499
-15.8219
16.8808
-124.514
109.082
224.237
206.902
117.62
-15.3808
-108.924
66.6633
66.2513
109.035
118.14
176.331
94.0294
281.284
437.9
306.412
-69.6001
182.838
86.4678
45.2005
44.2323
47.6535
-138.881
128.449
34.3282
46.1075
209.824
208.139
145.018
179.719
16.0951
20.2011
111.806
134.866
9.75129
120.713
84.8273
287.315
90.9897
-40.2618
94.9781
-6.25847
189.128
-30.1704
-43.9084
105.507
97.0126
386.766
114.329
3.71535
22.8387
327.263
110.843
232.078
221.924
-153.451
123.998
116.803
207.076
108.874
12.2787
-3.41906
20.3812
-93.3176
259.344
-70.9128
-191.033
110.246
171.342
12.9751
174.053
-29.4113
-24.2523
-148.428
73.1971
54.5506
100.868
78.7436
110.719
128.615
0.521196
-6.17213
88.8834
-63.1148
221.429
130.719
228.67
54.2495
121.321
128.395
162.672
110.193
163.063
89.6387
108.038
69.1869
2.94982
141.301
54.3486
23.9873
88.7862
30.4453
91.7122
9.1506
76.5541
78.839
147.078
222.162
228.852
84.9279
99.1199
168.678
-57.9342
91.7928
136.803
-46.1891
104.177
-20.96
-8.13901
-29.8787
227.373
-22.5681
97.7718
184.268
107.162
173.196
-41.2521
99.9072
55.5127
123.172
75.9657
126.474
128.21
224.857
42.1341
127.413
134.586
218.622
64.5588
37.024
54.9168
35.4833
17.2882
42.9261
137.326
4.73035
73.1623
133.376
184.128
100.522
36.1088
187.008
58.8351
139.739
16.6424
78.1648
-57.0884
-148.956
229.137
186.559
4.75995
153.229
60.896
192.043
-46.9802
176.38
120.294
-50.3157
189.466
-13.8547
-32.2413
187.312
130.458
32.4291
106.949
-39.5715
169.879
113.302
77.8353
-101.179
-164.581
101.197
162.405
151.62
2.70044
82.3356
-29.4891
-142.095
24.5992
89.1667
84.3209
-36.3267
219.146
-24.1555
243.65
125.789
193.951
145.166
21.2428
-115.581
122.689
-182.697
109.47
165.096
-26.1553
86.7833
-133.65
32.5036
19.3581
243.092
-121.096
103.295
114.832
-92.405
-54.2491
190.225
79.8196
-132.816
76.3253
149.296
-150.061
129.902
80.9528
75.2239
54.043
-79.5472
70.2045
159.984
232.264
183.448
152.091
125.791
21.0335
182.844
101.294
-196.88
58.1585
106.965
201.982
-8.74586
-72.3235
124.751
165.85
122.732
165.631
279.342
92.5441
-29.4368
13.8023
64.2263
89.3791
-214.575
33.141
-96.6626
126.66
72.34
167.401
-6.04553
-67.3621
171.912
-73.3785
63.4645
-13.2214
-24.4712
157.225
217.448
36.6264
230.927
-72.2195
87.1503
164.336
40.494
-68.1693
33.386
-9.58481
119.072
-5.81563
-26.5637
0.799659
-27.1763
106.102
67.9016
-11.2475
125.733
116.776
90.128
68.992
204.534
-19.2513
148.022
15.215
86.9265
236.927
35.0156
99.6334
-5.7616
146.911
323.687
87.4453
128.619
70.1223
30.9904
43.5422
224.523
148.023
105.129
5.58665
67.6875
-20.5763
96.8161
-128.021
21.7739
170.817
48.1814
-195.875
224.198
203.592
171.182
95.4588
102.144
32.7466
75.9085
95.4031
294.201
52.9572
30.3165
-72.94
42.705
50.1766
30.6821
152.894
160.459
151.755
-90.8977
-24.3576
-9.67285
73.115
261.479
180.72
115.276
132.348
147.111
164.165
43.0266
-28.8915
180.504
168.042
49.2726
79.8274
57.1758
150.272
53.6795
73.7368
-49.5063
-26.0169
94.0067
-6.77462
59.8664
31.5515
-36.3626
117.319
73.4153
159.211
9.88192
-71.3067
55.9492
113.175
-143.239
-33.3014
20.1107
206.412
134.571
188.764
240.01
146.622
61.0229
-29.7905
96.2792
19.6484
-186.12
170.431
173.881
26.6473
73.9677
6.76297
238.899
166.156
-121.315
95.1983
196.788
55.531
114.816
71.1967
24.085
87.9937
89.1033
256.608
32.9106
-87.6695
-104.912
63.4993
10.1876
-107.016
-19.1822
320.771
239.742
-186.709
70.0163
162.972
-12.3655
233.11
-18.2712
46.1845
196.063
90.3938
17.2513
81.6543
135.221
62.5934
71.9978
96.2246
127.667
163.874
169.867
-7.55068
-30.6935
-71.2058
-24.3516
119.771
199.31
73.3486
121.218
205.623
-117.599
107.714
40.3635
85.0579
156.59
-40.3656
32.6214
310.847
-62.4499
10.7373
202.576
-74.7105
41.7472
107.699
-49.8867
3.73561
-79.1128
44.512
-36.4265
-74.4296
197.91
158.262
102.803
66.9634
26.7098
148.139
76.1338
46.4199
227.327
2.23275
282.252
303.717
-19.2017
37.7214
30.901
118.415
207.8
-107.858
213.819
186.694
115.447
17.8174
-71.3377
98.2345
95.8417
31.8042
-30.3519
99.5299
-17.1993
18.2479
102.502
89.2333
-135.802
89.1143
43.5165
213.778
32.0871
117.623
136.737
85.4474
-84.3283
50.5454
208.325
118.691
64.5903
109.806
133.777
139.068
23.3126
83.7884
17.3196
0.590668
25.9677
-146.201
90.3248
136.456
42.1591
51.2803
220.288
160.13
-51.1367
84.6206
11.8903
120.73
167.679
282.937
195.198
129.266
84.8608
5.09571
-95.0407
-82.7877
116.388
115.735
170.862
74.8805
247.036
29.3164
68.5552
18.8042
43.8385
-16.1846
94.171
11.9682
-135.335
221.138
142.629
122.924
132.325
2.99673
-47.8599
102.677
69.8733
-10.1035
170.445
25.0637
132.235
-59.082
80.1504
143.566
62.8815
261.395
-9.326
-23.6364
117.096
113.534
299.059
110.22
101.151
108.634
64.923
65.5307
179.477
3.38261
101.589
-131.12
46.4592
94.6917
-51.5534
58.1109
20.4162
271.488
-69.9711
-62.7106
195.532
101.933
-92.4984
-2.50886
177.734
130.669
-33.3984
86.4342
85.8845
294.153
91.358
277.515
-115.144
-19.7853
-129.955
58.7923
-8.70214
27.6922
-7.52709
18.0336
28.0197
120.951
71.6608
143.084
-40.6743
122.112
274.137
-6.38022
113.586
70.4316
28.3014
248.193
120.045
99.9276
139.77
154.721
167.644
116.265
103.75
184.62
68.5602
-89.5723
49.3226
-137.603
-14.5009
155.295
159.436
53.0005
75.9209
-30.2122
15.9035
270.172
71.6835
265.141
-37.9845
113.97
-49.336
118.477
46.9027
134.323
32.2511
253.248
57.7292
73.7455
11.2131
15.7728
92.7291
33.84
14.4271
128.192
-38.1765
-102.756
193.705
82.9835
72.3027
88.062
197.972
0.534096
74.9003
-86.3326
308.251
55.6335
-175.716
179.489
137.195
-0.941825
-72.1474
-51.6013
104.21
88.2651
91.0505
-141.301
282.097
127.461
106.072
196.035
-86.4042
48.1886
103.939
8.34197
294.77
42.4851
91.9193
190.031
166.637
94.8779
-64.47
268.173
31.143
67.6316
118.976
21.033
188.584
61.0687
72.5747
-25.6097
22.7385
106.026
-199.905
30.5466
163.648
-97.2596
-160.887
152.162
168.253
74.1176
126.697
115.193
288.543
116.562
89.5757
32.227
47.6303
127.07
-58.2267
46.7434
41.1996
79.643
40.3276
-41.6577
92.4253
-77.7361
-43.8161
-77.4748
47.3376
115.079
56.7834
15.5767
-69.1209
242.443
72.9038
13.2867
122.49
79.4007
52.702
-45.8571
65.3596
199.95
153.107
-33.0654
55.6127
53.3923
1.42518
-18.643
92.8522
102.163
52.2467
182.206
314.008
-8.29954
127.519
176.847
-40.1111
263.835
-211.801
119.579
171.75
196.042
25.3991
115.638
-32.9047
3.00378
112.315
80.8682
-125.968
15.4766
151.19
168.04
139.898
95.8939
288.334
307.283
71.9348
181.741
67.866
229.923
122.697
-59.2605
270.052
35.7304
-7.89914
58.9125
214.774
19.1792
135.494
126.205
105.857
207.919
278.449
128.769
134.036
174.917
227.996
170.071
-46.1821
134.034
57.727
261.723
41.1465
200.777
-8.55623
198.696
139.472
50.7856
61.3334
-66.4871
-194.461
-179.334
339.643
38.9518
46.0977
-109.28
24.577
-15.8494
64.0538
-45.5383
-31.9806
-106.788
157.666
41.6465
35.6326
174.885
59.3689
-31.9506
25.1891
231.409
91.7628
41.4802
-192.541
234.116
119.882
157.329
158.03
36.8663
49.4173
0.678964
179.105
138.518
137.588
151.708
29.3536
38.8932
208.713
82.77
255.662
23.7618
140.546
81.5244
82.5191
55.1974
25.7076
-86.8149
77.4669
46.5069
122.958
48.5284
91.9691
8.68531
54.9094
42.7854
-159.53
91.9322
-81.1017
2.10559
86.7374
-114.981
-67.8805
122.969
-39.7725
25.6301
53.7994
273.529
90.5962
-137.308
-37.6813
87.0772
68.8715
118.348
71.9377
78.3022
152.646
136.278
-54.1428
166.179
258.271
196.063
51.8561
34.2203
50.0129
128.951
-17.9295
145.745
15.0034
1.58722
89.9814
143.168
90.0647
152.674
128.221
-103.432
-49.9907
130.894
50.6394
184.18
238.182
67.6147
-197.823
221.536
211.986
129.728
42.6038
104.49
154.408
172.422
-49.3964
352.71
35.9074
145.561
108.754
-56.4731
-5.05296
-52.6186
236.255
122.486
66.0031
280.041
46.105
0.86581
271.054
-1.31486
129.314
87.8871
260.931
126.738
46.7223
25.1958
34.0387
-32.2728
22.3608
111.253
151.648
-198.251
68.0087
-37.4981
29.4116
140.554
-88.9034
105.787
54.869
195.081
-134.152
224.029
-54.0396
255.722
-16.6564
121.686
94.031
-5.12803
-31.7989
142.803
31.7722
-73.206
17.2344
186.628
-112.907
123.958
249.159
23.3138
77.4547
66.5449
-32.1885
47.4654
58.16
171.946
-7.33292
79.7281
42.7227
204.755
-115.379
71.8517
101.629
112.321
55.3023
81.3234
33.3372
173.76
115.6
35.9871
-80.6969
76.1124
44.6314
116.267
105.397
-24.0636
76.3575
-39.8366
83.1261
-2.59997
73.0117
144.141
65.7183
-33.5329
93.1554
58.0313
59.7202
96.0024
119.988
80.7948
280.925
213.639
203.591
-41.6393
118.945
-18.8832
126.95
31.4175
238.709
256.061
54.1954
311.877
131.65
69.9003
93.0996
-5.60723
3.70706
133.59
55.2034
18.2704
-69.0379
110.974
25.6501
-107.503
-9.12356
15.801
138.46
-14.4999
91.5154
-68.6461
-23.2928
144.077
172.484
176.271
-158.22
25.6264
294.679
62.4982
134.622
190.956
85.1054
-52.6025
-15.6906
25.4301
-82.5714
-174.159
152.569
244.196
297.673
42.0357
-59.145
-18.1765
131.641
-17.5604
-2.10881
-27.1582
84.8828
232.628
-4.09804
148.815
-44.2223
70.4295
-229.824
-56.8947
187.181
124.219
81.9266
60.5092
-13.3089
-35.3216
121.246
57.6761
61.9572
161.183
93.051
-28.6962
-225.95
119.748
37.4619
21.9852
202.34
102.045
118.499
171.414
182.742
60.6462
119.894
-58.4182
111.845
41.5469
49.7791
49.5246
226.269
-116.096
5.28702
88.858
164.423
-6.49318
246.814
20.1833
191.482
3.30774
168.645
15.8864
163.665
90.6103
189.642
27.1873
216.896
65.3215
-91.0505
195.253
1.02516
-56.9622
57.7603
97.2547
74.1375
186.634
-111.22
13.2853
-34.3624
100.783
35.086
171.733
66.6741
266.681
-29.1574
151.712
109.564
-13.2875
-115.003
90.1765
99.9258
242.032
23.264
166.484
61.1408
12.3328
-32.4759
-26.7486
59.9723
75.6795
196.125
-77.8664
171.505
139.352
180.097
172.195
38.8391
116.912
121.24
67.3072
126.721
-107.293
-146.49
8.19247
123.643
65.805
119.071
223.263
-18.0909
36.4357
-87.3088
183.668
91.8006
7.58453
17.4925
-54.4171
196.539
-37.0197
51.8116
305.378
240.49
180.346
-14.0552
104.278
21.3769
233.562
126.363
182.122
23.8432
189.6
165.256
22.5792
165.925
-8.74476
77.9744
178.719
98.0364
2.59518
177.025
150.804
377.925
60.5381
66.5553
286.639
-48.8847
39.2966
100.871
-17.3209
-123.456
146.288
28.6758
21.2773
102.787
-10.914
137.865
24.8032
201.965
-119.475
94.4355
137.774
-12.0857
273.406
84.4691
-78.4243
169.392
31.0906
50.6478
74.5298
169.072
93.748
179.312
-54.9021
62.8515
57.0603
131.284
141.692
104.031
32.5915
43.38
148.551
46.3434
139.532
17.0104
179.54
269.694
165.385
-153.942
-71.3244
-4.70917
177.844
193.172
-52.9998
160.598
-45.3558
190.94
18.6632
71.5929
76.5949
45.2663
141.391
151.863
-94.5887
247.493
60.4683
-66.6489
290.564
10.657
-66.1813
49.4021
74.8558
-181.127
358.224
219.324
3.64379
80.8707
-41.4176
11.6817
29.1484
108.131
113.516
149.824
-33.7957
201.07
-17.0113
82.1996
95.0236
208.693
86.8447
-112.613
111.458
119.357
-12.1948
93.4204
27.4345
183.938
-63.4975
-4.71795
129.378
377.362
16.3439
94.0284
46.4228
174.423
18.9646
40.312
144.762
-8.03772
8.00066
63.0644
100.769
34.4025
191.942
-111.515
107.8
185.321
104.087
-70.4893
-39.8885
-81.6475
212.987
77.9995
-18.9764
118.599
267.326
-149.727
278.641
295.038
-46.4697
97.1691
137.611
4.13082
101.453
-128.915
58.5664
169.948
165.905
160.129
209.98
-143.087
9.58168
-53.3086
50.5569
-34.0447
119.746
168.506
101.525
75.7272
-5.17592
69.3509
-71.2304
-26.8761
17.533
8.70098
109.181
56.3116
189.108
134.622
104.961
36.7296
-3.89546
157.065
55.2722
17.7717
279.738
-28.9436
-112.528
83.099
318.869
297.747
-11.0866
80.4293
125.261
-0.149591
49.3282
183.423
13.7541
79.4184
14.8396
60.6452
-43.4052
97.5634
-113.692
-1.73037
-14.6348
204.033
73.6734
108.055
93.9052
144.206
270.336
7.28074
42.4719
-27.2776
73.5818
114.324
100.016
220.885
87.7871
-23.688
250.647
80.8575
145.409
23.4175
-91.4387
142.391
68.3131
-14.9678
111.201
-26.3474
26.4061
123.79
20.1541
199.145
130.802
119.761
132.662
52.3567
14.2303
244.323
30.7187
52.0116
103.795
-29.1803
91.892
97.3151
-26.9913
7.34669
71.5449
26.0715
97.8421
98.4185
180.806
64.5582
-143.855
92.3892
147.547
139.648
171.926
49.3454
99.1622
110.349
66.8046
-4.06665
-9.35592
116.62
-200.541
126.599
101.272
-14.1379
30.0579
-28.3247
53.989
2.71118
84.0867
149.233
170.271
342.429
152.057
37.3231
-57.3177
-74.0077
232.501
225.725
40.2287
90.1024
233.384
352.309
0.240142
156.894
-80.7094
-58.4851
360.164
64.8542
202.207
-102.491
351.861
-51.9069
229.837
-23.0213
-92.1002
24.5303
96.1372
-9.09326
61.6546
189.256
110.383
84.4898
-11.0339
45.0264
66.8002
117.237
-6.57871
41.4428
20.2546
-5.70091
-65.0365
176.915
118.923
48.3787
81.7383
82.506
154.496
-9.747
124.434
268.339
409.151
69.0687
1.01976
240.303
49.583
170.344
260.779
45.4386
21.684
38.872
46.73
39.8612
49.1054
70.6818
109.73
-230.563
97.2033
210.674
17.1196
90.1525
174.002
-125.421
38.7546
181.118
81.9134
74.6749
105.135
106.535
64.0112
48.4141
92.9265
107.356
136.726
62.176
4.92162
23.7012
-59.1744
29.9074
131.919
66.5645
121.287
160.933
98.3584
146.899
48.1388
63.9924
24.0514
157.412
127.155
-73.9916
-21.6419
82.6423
219.535
-77.7653
159.576
240.501
-29.1212
47.0214
87.8948
-1.37306
-10.8482
94.6834
85.8717
161.469
41.1623
204.521
-32.0642
93.1449
148.312
384.414
43.3149
-80.6627
119.024
239.229
109.369
52.5075
124.223
-70.7144
135.398
-7.89073
11.7633
61.1304
100.646
94.4665
196.362
-5.38301
89.7245
246.354
163.945
79.8317
125.689
186.15
19.7881
126.847
107.764
20.8146
159.398
39.8695
94.6444
112.317
136.408
184.522
165.649
130.617
111.326
110.139
146.732
-6.81163
-30.4417
46.3487
-30.9876
74.5923
-147.703
214.495
-55.5286
158.293
89.4252
18.6391
28.8463
63.3387
117.921
111.419
10.2665
-18.6971
101.852
20.9466
70.1241
-27.6666
176.004
42.2803
52.9546
-14.61
220.435
174.557
160.696
137.183
72.1784
34.0414
122.72
-118.421
244.441
74.2751
78.6895
-77.5438
-111.857
-45.6099
111.128
144.133
66.0777
-88.3441
128.308
204.411
-34.9116
130.728
36.253
21.142
171.496
183.458
42.3768
131.45
160.672
117.443
-22.4121
52.6785
-57.5398
25.9087
305.036
145.345
172.037
-96.368
57.3037
-4.70845
84.4971
166.205
-29.752
205.717
133.962
70.2007
263.058
89.6303
3.33416
64.54
218.829
222.387
162.097
-144.529
99.0128
-35.4228
107.799
42.9209
-168.661
51.7104
122.553
172.038
54.8419
-146.302
79.9453
149.843
141.827
171.785
-5.76361
78.0252
149.865
237.785
110.379
31.4078
-159.096
163.445
120.7
-14.9129
56.0814
89.8778
31.4304
-34.8878
1.72426
181.76
-48.6763
247.994
93.6281
118.085
173.756
142.345
43.2895
73.016
72.1038
153.157
41.3226
29.3906
25.4544
-211.242
184.242
6.06954
134.714
-61.8513
22.8399
-62.0431
229.739
174.706
-206.69
209.685
51.6983
23.8907
192.407
52.486
-175.602
110.35
205.95
247.736
-101.962
80.4339
60.9012
139.734
119.431
-43.3758
294.028
209.323
361.457
-73.2522
-5.24647
306.392
86.9653
133.543
-39.9178
95.0681
-7.73442
86.2121
-9.41869
84.6266
-158.247
144.713
29.2429
307.202
71.3405
-21.2961
207.171
49.3576
-8.61934
54.5467
31.4954
-67.6173
19.0442
136.798
76.0797
32.834
-4.25032
13.0971
132.674
98.3448
51.2602
19.4042
133.796
110.106
111.384
40.6927
-61.5908
65.429
-49.1314
144.644
213.144
323.549
155.15
110.082
-88.9762
79.7566
-58.3751
11.8951
73.1495
52.2242
-61.1622
128.798
-67.4965
125.651
-62.7217
68.4618
68.9657
87.0005
96.4914
126.84
176.423
108.672
19.1645
93.8776
-28.4794
127.701
16.7608
158.54
82.8965
67.5225
62.3779
50.6604
129.208
144.887
-87.1975
175.162
28.7818
10.301
182.039
162.671
-8.14307
-40.9965
-64.5033
-14.8341
45.8867
58.2422
234.856
-114.74
233.089
-71.794
85.6266
46.0281
7.97097
66.6616
-91.0355
175.849
100.517
138.035
87.0065
-13.929
74.3246
-10.0699
75.9842
2.16615
155.817
151.366
16.0229
107.288
46.3762
98.7066
1.76149
111.659
84.7729
211.48
11.5962
69.1134
139.12
-25.94
23.0311
145.375
107.238
177.591
121.343
275.069
-46.5482
303.081
51.5727
117.781
186.509
218.908
16.1551
108.244
189.462
77.9504
92.2979
111.167
230.528
32.7643
285.95
-12.5424
85.2083
-49.8718
139.268
-137.779
75.9179
-103.897
264.593
1.71902
-31.7041
177.426
-110.267
148.822
-91.1188
44.4646
-6.27728
147.51
23.8622
42.0883
148.768
257.354
46.6891
98.6338
127.573
-84.7404
84.937
33.7194
130.407
43.904
120.876
-168.783
-38.8793
-29.8692
-57.8653
167.78
-95.9945
-127.711
-22.1317
107.086
136.155
3.68281
65.1354
47.2098
47.0649
-142.228
119.613
188.187
86.4282
-143.43
149.097
233.226
100.801
113.452
-39.0439
143.587
152.205
4.30603
101.648
21.9467
95.9027
87.7927
31.3418
82.7943
-93.2343
117.598
128.934
56.0776
171.239
88.2725
-112.518
115.459
69.2117
21.3871
204.229
69.3032
15.7855
3.62815
243.69
-2.73742
-12.9745
110.193
269.276
27.6022
68.0307
131.457
53.6158
-3.82124
83.9185
226.143
156.176
44.9316
22.8089
-1.68859
118.134
-8.13098
-15.6748
88.1515
38.1231
94.7877
53.8871
169.049
3.29358
-46.4478
45.208
21.3532
110.511
-64.6742
23.4741
285.772
123.303
98.784
67.9436
43.0812
163.165
325.511
91.9247
167.351
272.594
93.1841
26.137
141.049
-80.159
-104.889
194.321
73.6046
-4.05137
3.77558
-37.5084
2.85624
53.0563
216.857
164.36
-54.9591
21.3716
116.301
9.72273
1.51753
89.8576
114.925
94.9409
-21.4557
130.317
100.823
46.2092
-52.3548
-87.4898
247.478
119.156
14.5128
149.101
-180.449
56.1623
-24.3952
68.4333
262.94
39.1003
-98.2532
41.263
168.819
-11.6486
5.56686
-154.089
-10.7673
114.472
50.0523
-83.9848
155.582
68.7449
106.845
129.71
-55.8669
50.5369
3.81874
-8.15184
36.9982
-30.1913
106.406
223.35
283.872
17.6789
12.31
-11.176
68.1225
38.7595
-9.8827
35.0484
140.168
147.668
128.356
28.4993
140.527
11.0864
38.4117
-64.3713
242.785
93.2991
81.2652
151.582
106.815
-72.4303
-3.66064
-59.419
76.5043
113.278
194.432
-50.6547
4.50501
-80.2581
71.5374
-37.0775
24.96
124.884
32.9993
-132.829
12.7564
13.8558
296.052
17.8738
257.579
-3.20628
69.1932
-14.2224
178.244
34.6441
152.351
37.582
129.914
101.014
8.49196
12.7041
-137.026
-63.9767
128.417
81.2044
144.579
163.862
80.7096
-7.82121
133.114
38.1681
-160.61
54.0551
53.5458
209.102
25.0285
34.6629
197.707
-11.6919
269.063
44.9732
2.98221
132.6
162.444
-19.8791
37.66
-61.9431
176.204
59.4757
120.429
-83.2643
121.321
39.8462
140.208
107.49
-37.556
30.125
-50.2352
66.542
5.31456
56.9748
5.79385
133.296
3.64699
156.592
215.004
-31.6148
117.616
155.029
116.64
179.55
84.3358
72.1578
97.5774
185.502
160.629
-128.646
66.9712
194.289
81.0273
100.511
124.901
141.539
180.87
199.113
182.839
39.3363
371.08
62.6244
246.834
12.5681
59.278
227.268
198.328
33.7028
162.201
78.4997
185.666
-35.8242
53.223
-48.7277
41.0888
67.2254
60.7397
162.282
137.016
120.472
103.237
65.5487
119.619
30.1628
-42.3074
-73.4116
1.46626
159.278
-58.023
-126.278
-74.0188
-112.042
47.9792
307.333
26.3468
132.729
-10.4931
172.878
78.78
18.3959
29.368
-28.8793
153.917
164.583
141.118
166.077
98.258
49.4223
123.554
93.6071
-2.51497
188.363
19.2626
-12.0418
339.015
-75.8844
-58.3637
49.604
152.261
-61.0364
71.8777
-37.2205
98.7216
45.5447
54.7082
-110.574
-56.9827
199.664
82.112
201.84
85.1163
12.1079
27.7502
35.8964
45.3998
-36.5816
204.817
56.6371
183.41
29.0474
-66.2992
40.3639
-160.482
7.18497
128.509
76.5891
173.893
141.999
-28.4255
153.534
33.6215
80.8923
36.9139
135.476
-155.098
74.6393
110.964
-117.68
88.0496
163.256
110.371
135.104
214.394
-14.0675
109.988
-110.623
-57.0072
-48.8627
-26.4476
153.713
20.8965
38.044
-25.7626
114.982
110.084
314.773
139.785
21.7481
122.521
49.3554
44.0546
72.4435
-4.30958
72.9047
172.59
56.4449
122.555
-40.4265
73.1955
231.13
160.562
-37.5948
-106.916
311.496
53.6791
93.053
-1.34706
-17.9357
208.537
161.554
83.9872
100.271
160.331
24.2261
-6.10066
65.0983
-44.9324
119.654
54.6723
200.827
10.9916
106.178
4.91468
97.3813
219.747
151.537
83.846
11.4086
77.7344
178.405
135.37
144
188.407
37.8202
-101.892
137.462
154.435
209.64
122.66
75.0011
45.9088
-56.0105
-28.6761
8.4176
-38.8328
3.55176
-170.959
-13.9809
-107.796
247.666
30.0997
14.7191
-13.4535
-235.376
249.477
143.706
2.02544
-19.1348
174.525
63.3724
87.607
72.1502
106.003
131.771
81.4853
150.066
-79.4343
117.481
43.0223
81.4767
100.157
127.71
205.986
-16.769
89.5207
50.0545
299.941
-66.8327
-97.1087
15.8757
103.276
49.8378
93.6686
110.725
83.6139
223.086
-13.0143
127.248
208.157
-23.6946
150.648
132.182
201.834
-67.9672
250.84
85.3501
39.9485
-48.9535
193.181
120.94
95.8754
140.377
56.4701
110.545
14.4226
151.438
66.8371
-3.87356
89.0933
18.1138
333.883
28.1498
-25.8023
71.6582
26.1874
-35.8233
38.3261
-72.4966
-58.8223
105.377
234.537
10.9035
195.622
87.7937
45.1507
-135.896
189.239
87.6105
157.799
-14.8255
16.0601
-103.607
-18.1391
8.22124
-12.17
82.9604
103.288
153.73
121.562
90.7731
-2.72345
-8.15686
-11.4121
20.5176
107.157
24.1025
-154.46
16.8513
-152.774
-25.9716
-15.0868
219.139
225.785
104.121
91.5685
189.918
62.6005
135.509
104.253
0.0778856
20.7524
84.9204
184.057
229.619
-2.8541
145.121
238.536
85.034
16.2541
261.691
214.873
13.0829
72.2286
110.628
35.4337
86.0554
95.3193
64.9909
111.083
79.3897
391.283
225.087
127.386
66.0751
97.1575
87.4333
83.477
11.6979
60.6999
90.7794
-27.9713
27.9355
98.5427
98.889
-58.0623
-104.045
166.021
276.057
9.86885
174.904
48.5313
23.3881
114.24
-73.9571
76.2987
-75.8783
50.2748
203.14
159.96
-45.2176
161.412
-158.124
166.107
-15.6616
107.808
-97.2382
-132.862
-152.223
-155.316
265.473
169.04
162.316
-54.3919
94.3047
35.1066
1.66995
37.9018
109.704
53.358
-66.0231
189.935
153.169
98.9938
145.116
69.8017
-58.7741
75.6273
40.5739
94.2711
36.2177
-62.2145
366.083
126.655
75.1289
39.2017
111.187
-0.468105
225.345
-122.793
80.9974
194.198
104.599
-118.038
190.182
72.4726
50.1486
154.13
162.492
106.473
85.7188
57.6208
53.9931
12.3892
-120.755
12.3039
120.233
96.3206
102.06
182.062
204.336
241.251
182.715
-21.8209
129.426
126.276
149.416
130.901
113.076
31.4294
76.2597
193.725
80.0145
86.2353
98.5975
-28.1703
95.2628
26.781
114.213
118.557
-83.7238
-37.3156
178.953
83.1376
123.598
221.685
135.526
132.425
-30.1393
133.879
-42.7171
138.287
94.8637
37.4871
-29.3883
78.5731
21.0822
-6.02472
173.79
233.898
-116.063
177.279
-18.3001
39.0144
144.715
140.664
68.3158
90.369
209.292
16.5853
68.0166
101.196
-36.0143
86.1901
135.118
53.2271
-81.8214
136.43
28.2217
120.16
49.4333
-42.5885
-61.0025
79.6111
-51.9934
78.8003
-25.6674
-57.6415
-119.14
177.138
270.029
7.196
94.9638
70.8176
245.474
-66.1457
134.715
263.188
-36.3483
89.7846
-77.1445
25.7318
112.621
250.88
230.772
-1.73933
183.969
127.173
166.46
-40.7403
176.355
181.417
194.256
115.157
206.371
89.1478
61.8898
166.355
76.9303
202.458
210.049
77.8779
14.8954
35.1563
81.0065
41.6134
134.242
34.4019
185.362
72.4543
-10.6954
283.525
14.0159
169.62
174.087
174.847
-27.1677
8.34073
186.719
127.048
-71.4283
75.5154
3.43747
143.346
-47.5534
251.551
-106.195
-86.3756
-15.9028
11.6106
73.2532
26.2945
123.661
95.6813
-28.4458
-36.0579
75.1033
190.972
-152.982
175.027
80.7142
244.768
150.806
20.3687
-44.5416
77.2412
158.335
121.146
410.206
-47.4534
145.359
44.9094
-13.5151
-149.423
10.9203
157.326
167.821
53.9046
49.9891
37.4141
154.829
-32.5633
113.18
175.024
173.149
-251.206
-92.984
281.116
99.8821
214.518
26.6944
72.3795
77.1407
203.652
48.8852
228.593
155.44
143.454
132.674
150.504
139.983
113.443
-10.2021
82.3339
-69.7958
47.8378
76.4706
50.3969
20.9679
-5.46199
179.588
34.1888
149.171
194.712
-12.165
-155.007
56.3073
-24.7723
86.2469
263.682
97.2786
-1.93471
-68.541
-47.8331
19.0933
-39.2006
157.534
164.599
96.3235
-69.7141
58.5175
324.942
-13.2847
3.3132
139.439
33.9998
37.3797
151.636
53.5589
37.2944
-1.93333
-95.6935
-9.96296
76.4463
158.38
12.4783
-133.138
73.5985
-45.4844
118.518
62.4426
17.8392
197.739
80.3809
-110.613
-111.16
132.798
177.332
199.215
12.2266
163.523
94.9683
-37.1788
127.347
249.815
124.017
24.4243
209.29
146.503
-4.44839
115.591
-72.8975
-15.3267
156.146
234.059
12.993
-33.6942
242.966
175.688
-10.6606
61.5316
115.214
101.47
90.2408
-11.0522
-58.7135
236.495
233.795
162.972
-49.1514
115.069
33.1318
54.0359
193.388
220.547
-3.4386
13.4238
96.2077
279.499
39.4021
63.7017
-150.459
-168.606
107.555
-101.158
214.129
-83.4857
184.96
-40.0498
-70.2849
299.643
14.4425
200.448
-45.4362
295.574
148.666
237.796
34.8487
-7.47605
161.489
133.374
-124.04
130.933
74.5076
19.6029
92.6547
-70.0864
155.87
-62.4656
-9.3961
136.689
238.02
98.9726
17.9011
139.514
71.6425
77.2936
-93.3737
194.806
155.446
211.572
87.2725
48.6356
18.8016
-42.7605
89.1204
171.132
104.216
21.3575
110.332
5.8251
179.979
-111.276
44.238
57.2436
162.335
-11.8341
-59.5867
126.249
-191.316
292.042
-5.37723
105.392
40.4956
21.9234
210.324
238.883
213.881
2.78537
-8.62538
25.9129
146.043
243.86
240.247
144.319
135.2
44.2816
179.025
-301.742
85.1635
247.009
-124.822
124.26
14.826
199.962
0.993898
-91.6566
168.379
133.307
125.826
20.5499
45.5619
74.6561
165.383
-11.0157
129.91
83.8818
52.126
-10.8694
35.8396
128.71
284.35
224.636
-18.0493
242.054
194.177
53.3885
-42.2428
64.5038
319.227
171.013
96.3339
27.5727
-83.8373
31.9324
93.1414
-207.509
130.878
235.533
-143.399
-19.7384
92.1647
51.4723
32.2863
247.292
-52.2516
98.0661
-34.8105
155.951
-81.6903
117.37
97.9348
-45.0421
16.5703
71.5455
73.0742
231.052
52.6161
-43.709
-45.0607
24.628
-1.57548
23.3228
38.8441
130.656
-49.519
117.82
32.8464
-88.7662
62.6584
212.425
150.767
126.599
-22.1556
90.5622
69.4116
-90.1533
-31.0538
-30.2344
49.2815
98.5568
-11.8059
281.971
320.347
-162.171
14.0667
97.9372
89.4076
17.8012
93.5525
-45.9423
21.1758
-14.7302
-50.1275
48.4729
182.591
102.228
183.168
120.867
139.231
51.5699
-32.3455
-2.51863
42.0471
188.67
17.7456
221.157
223.744
-5.06141
80.943
191.398
-22.9319
-0.712374
-0.589104
110.901
-78.2576
73.1902
10.421
295.581
-172.68
86.7552
127.243
-5.01775
146.667
113.151
274.84
-17.1162
22.6565
147.66
197.822
30.2535
24.0013
27.2943
-29.0243
186.914
66.9144
156.435
140.269
112.627
164.014
139.697
88.6557
21.8579
-108.294
34.6799
239.694
130.132
26.6537
-65.8764
123.857
-58.1254
121.339
199.469
29.2425
27.2286
184.225
366.123
-83.6319
-82.8961
169.641
181.67
125.096
-16.1897
-232.005
231.517
61.4393
0.443525
-10.0826
84.2155
-57.674
-1.7722
56.6029
112.154
65.6927
31.6615
67.4014
90.0607
131.389
0.734916
-74.6879
38.9923
-121.716
152.793
160.291
-56.6993
95.5999
9.41634
221.645
60.1532
65.1965
88.4593
83.3825
96.4406
-70.3407
41.6007
94.9395
226.068
254.141
21.3043
-76.3984
-16.2272
-21.6344
-17.4912
277
173.467
18.3005
-34.8494
-27.9986
-53.2204
25.8274
36.8995
97.5104
143.79
195.868
-134.155
25.188
43.4271
6.24969
0.991436
183.412
124.062
36.5279
16.6459
45.1015
270.134
181.058
151.486
-87.4051
178
-40.342
-7.37177
-50.1571
272.684
72.7478
48.9666
77.5908
120.138
184.769
-11.837
-11.2005
167.702
93.6008
18.6982
-135.857
15.6204
1.25589
171.11
150.752
147.824
24.6382
68.3049
-128.727
11.1551
75.6377
150.337
54.3424
235.153
67.9698
242.825
15.073
-1.6528
-43.9256
-84.6769
66.9087
107.976
168.567
73.8236
36.4688
-88.9265
177.572
203.007
44.9178
-22.6872
-17.3934
73.9288
30.5724
50.7418
15.9789
81.8821
92.272
79.6742
66.984
127.97
124.741
61.3429
-59.603
54.3561
-76.3123
125.079
94.5223
134.12
19.1102
4.64298
25.1848
304.835
83.2124
-76.4132
22.3541
34.0711
46.36
24.4632
175.917
131.987
57.4012
-35.1736
210.936
18.654
84.6683
221.728
11.7464
112.057
134.327
35.1841
195.248
-22.0067
133.504
6.53822
2.46381
-62.3253
-34.4661
-28.955
66.9483
124.927
46.1176
230.093
49.1065
54.7511
149.521
9.27792
136.386
13.3083
59.5002
66.543
55.7278
93.0753
68.5653
76.6694
-77.9581
219.09
216.304
57.9326
42.6296
36.8801
181.438
-77.0482
38.6288
142.547
131.642
-3.00179
176.813
108.991
-26.2463
-7.49519
48.9859
89.0102
226.691
-49.3474
126.022
206.514
215.214
64.218
207.881
47.5654
-59.4566
-32.0469
-33.4881
34.6971
-42.1199
27.0178
88.4688
92.1492
23.1456
-32.8489
-25.3438
37.7489
192.262
9.77597
156.347
-3.81566
34.4927
150.681
90.8594
62.9102
17.7757
197.394
270.215
174.146
121.261
119.045
-87.2028
14.7682
105.507
162.961
113.514
-128.002
42.592
80.114
79.0383
-43.8895
104.327
132.477
176.258
-120.961
59.9157
145.274
162.313
297.513
-26.5294
94.3117
-3.96069
16.1735
-92.107
-39.4064
-35.9061
-40.2253
84.0934
124.89
127.066
25.8794
106.478
155.684
0.661854
125.931
14.2175
162.125
266.867
165.421
192.656
225.3
-145.667
134.228
163.167
13.6475
33.025
127.494
91.3467
76.8777
-53.9705
132.493
109.778
77.7191
-246.039
11.3963
92.722
-60.9213
-93.0075
-32.4074
241.911
-126.637
-100.996
33.8885
135.416
78.8919
-100.502
206.181
134.026
26.5457
3.68764
184.747
24.5213
32.6925
192.786
79.8974
95.0215
-15.2772
128.432
159.603
-57.3352
116.861
104.252
113.601
72.6978
57.9315
158.767
-85.0837
57.5442
25.6687
54.5612
-72.2534
207.628
-21.3063
97.7473
-17.7699
47.6294
-55.6863
-22.9821
80.6532
260.614
102.554
192.714
-92.6587
55.5936
186.586
124.671
101.404
192.852
-23.5246
-43.5609
-80.0016
287.215
71.8253
96.0228
33.0387
185.144
161.494
166.183
-63.0548
19.7205
224.057
8.74362
45.9924
8.18279
93.9985
252.863
-22.4056
170.2
219.897
-1.18565
-51.6347
103.577
97.2196
-36.8122
126.837
105.167
-55.9237
178.96
187.245
-25.2526
210.286
225.02
171.649
224.779
-223.428
46.9584
38.7797
-98.4925
95.5295
148.831
-37.8381
169.665
66.9359
29.775
138.991
81.0693
64.7001
-4.6485
85.7986
98.8853
60.5697
40.1429
105.776
-14.7179
57.1445
181.619
67.8393
-45.1482
106.908
25.7517
53.1031
202.604
30.9519
30.7484
-19.1276
-8.18701
150.356
64.7843
-26.04
118.907
160.001
205.573
-62.57
-55.7004
250.776
-37.9763
-49.5069
71.8602
140.186
78.289
-27.2999
-33.6358
58.8423
138.243
146.067
1.81403
148.764
285.952
261.401
70.0484
115.409
57.1106
82.9181
97.0947
-21.2736
262.099
291.197
-51.3498
138.746
167.743
84.9429
1.0133
161.646
128.594
172.589
-157.15
241.372
159.233
-14.5082
34.07
87.7255
148.984
57.656
180.77
123.641
198.608
143.17
84.9178
-4.89997
259.042
88.034
-44.1381
43.9781
119.647
21.6949
-64.975
208.778
95.3366
-109.646
217.655
142.9
132.085
-46.3518
163.826
181.354
-86.8359
-44.8646
220.752
40.4554
-13.9834
170.205
136.461
269.053
60.7473
184.518
-86.3905
-71.559
133.867
165.604
-38.756
6.23212
107.658
123.867
101.915
-39.8148
3.6939
40.9034
-91.219
145.089
-94.7763
181.297
-100.489
45.9306
139.588
234.012
233.751
194.418
23.3845
149.585
202.812
72.3491
89.375
240.359
86.1741
168.909
-16.1471
150.027
366.247
156.815
45.9557
-146.816
136.788
-90.6372
46.9582
29.0319
44.3687
29.3447
49.2319
6.93849
49.3278
-31.5601
63.2581
172.705
20.403
207.819
170.261
81.7117
54.3973
43.8633
-56.0738
145.396
88.073
234.902
31.5619
61.6865
5.52007
77.703
168.606
47.0151
-7.17454
-59.454
27.1608
222.702
-181.687
-98.3383
-7.91022
46.4845
243.911
206.337
90.3204
193.984
-41.7512
122.854
129.64
32.5067
109.19
123.117
145.415
150.657
-41.051
231.016
22.6891
227.212
-192.936
-71.3473
14.5833
80.1165
105.826
-102.881
-60.0619
-9.88024
100.316
166.628
125.931
-11.6524
110.187
-205.146
-47.9094
234.394
83.8614
-50.5367
186.518
72.1064
83.5659
233.324
-0.709799
209.637
90.2433
-26.0403
-22.401
-96.8211
78.8671
60.666
47.9835
152.488
196.762
153.71
144.053
192.115
129.072
15.5532
-39.9184
16.0991
78.014
136.674
23.0802
56.8892
104.066
212.807
-96.8875
-51.8689
-129.431
-95.0544
70.9084
126.579
-32.5916
69.2877
197.775
111.449
20.8777
40.589
-29.5938
100.177
-43.9353
44.6621
29.9276
152.368
-57.9895
125.894
149.571
162.826
101.247
91.4419
56.2704
129.59
259.732
-57.3288
244.096
269.281
5.26428
79.9849
76.6915
216.768
40.9746
165.357
144.483
200.579
104.034
192.935
-38.9973
54.7134
138.939
-74.2551
184.785
198.809
330.139
51.4177
46.5417
-49.5035
212.92
53.5061
100.103
73.0993
73.2591
-11.4679
314.132
253.221
-84.2174
119.271
60.3699
115.597
239.588
3.24037
-38.2331
-29.9226
114.773
154.23
59.7066
31.2846
172.452
91.8189
67.1358
46.0758
71.7698
162.765
64.7615
27.6225
139.841
108.332
-27.6673
20.8832
115.822
93.5407
-176.019
213.045
66.7527
99.061
29.4494
-33.3703
15.4782
132.713
36.9746
214.205
62.7867
182.823
85.1449
94.6861
-9.71604
87.9878
124.586
72.3043
90.4236
-50.0552
50.0177
212.319
97.9192
18.3483
-50.1623
86.2934
108.55
118.817
162.377
138.781
-10.1976
152.221
-45.9201
117.424
150.952
72.9454
42.2474
-44.3784
115.342
174.913
-44.1715
246.825
-189.553
178.044
39.21
-25.9829
79.6255
38.9991
-57.874
-161.099
175.786
27.7742
342.627
49.6294
21.5717
226.912
61.5295
-94.0378
-45.1079
258.98
-66.2469
10.4798
99.2487
16.8602
131.692
14.4054
90.7056
325.694
-11.3687
-25.7985
23.8234
168.048
98.0792
-71.4348
-25.2026
-1.4513
-84.0598
-2.71507
149.339
83.1415
54.8313
6.55535
331.225
-104.59
159.009
241.861
16.1445
37.1449
44.3923
-89.6237
168.196
14.6592
161.862
192.731
59.9129
46.4429
72.2327
-24.2634
44.8912
118.772
-120.767
11.9543
22.4254
87.0252
158.33
-28.8113
73.7395
45.0739
-1.14716
-31.0882
149.903
161.418
153.139
-29.8982
63.0907
282.076
20.1271
119.741
51.6312
319.309
-32.7733
213.89
-62.5556
87.4028
46.0852
-22.5986
110.939
11.5249
151.09
-16.9059
-86.8074
27.0737
-0.582286
98.7682
257.283
150.103
137.533
-33.7335
301.463
22.7679
47.1155
77.6819
80.8893
119.326
99.1422
147.732
133.585
140.333
279.051
0.484125
112.709
157.658
12.9362
0.584095
31.8909
56.9053
175.271
137.14
153.352
18.1383
75.4102
161.027
8.88657
189.124
-22.2568
81.4893
279.067
94.9122
30.7925
108.83
117.397
85.7042
130.522
330.317
-64.9877
152.205
130.573
133.881
73.7869
17.0768
36.8401
95.8949
-79.0917
150.87
35.2014
-31.8654
206.572
47.7129
63.1915
73.1788
-101.336
-1.47066
28.9803
-33.8045
16.2419
120.02
8.93595
44.9937
187.614
-0.655348
-37.9817
-22.1063
58.1572
77.6616
-11.1663
58.017
63.921
38.1188
157.665
59.2141
226.416
-15.2748
57.8716
-74.4438
-52.3044
121.705
-130.63
-184.908
113.848
47.9679
111.847
-32.0141
222.65
196.538
220.577
198.341
177.508
126.56
113.813
-185.654
116.044
68.3263
177.356
273.156
86.9018
-41.477
125.72
12.3346
138.608
-43.2136
-80.2508
62.7934
-19.1923
6.65313
206.44
226.665
91.6667
96.5589
40.9513
40.8975
131.165
91.226
-60.7815
76.8244
113.047
-1.06271
164.024
-38.8198
22.8277
-35.0801
26.1766
79.4599
31.5839
70.7465
198.654
32.5484
-9.8666
169.959
42.5199
41.7773
183.424
28.3464
141.34
20.7716
23.6251
140.141
-147.143
116.533
42.4595
308.753
70.4464
265.866
125.246
356.507
97.5399
117.991
96.7405
114.443
-64.9079
4.00985
-137.201
72.208
22.5088
227.603
-32.2511
16.9994
131.283
98.2561
131.844
160.945
53.051
80.8435
144.752
-20.1019
288.289
44.207
41.5145
105.833
-46.075
64.352
-113.918
47.2027
127.915
57.5317
91.9296
-41.7412
-25.3247
101.005
-129.342
60.3376
60.521
121.656
147.753
115.676
122.952
38.2269
-14.4436
83.9664
-30.7239
32.5476
14.728
118.743
65.9034
75.0227
107.845
-17.6866
80.4207
55.8291
99.6513
66.2374
87.1904
156.22
124.069
84.7787
-160.93
111.073
166.741
102.333
132.006
-79.7956
-192.112
49.675
101.805
22.2244
29.9177
26.1982
103.695
201.699
-1.8298
173.67
65.3376
-257.647
32.6207
32.6556
106.98
-13.0536
96.5316
35.8265
142.642
101.558
55.5132
-9.27111
-78.7324
75.6511
76.2791
80.0047
-46.9386
66.314
183.893
-24.0792
52.1717
18.6067
18.1817
125.107
-116.702
17.2183
7.60419
147.718
139.803
134.113
82.8807
78.6059
34.6555
100.575
239.362
138.655
-87.0753
141.795
27.6149
68.7789
139.08
-77.3851
35.8464
43.2088
272.965
24.7715
231.301
235.402
-68.9712
72.9061
50.2355
-1.16657
44.9181
168.917
67.8321
75.2339
-35.7618
-20.8639
-68.4095
79.9345
37.5447
184.752
116.927
92.5101
52.0771
33.4796
122.715
6.27204
-19.495
161.071
-60.5527
100.66
70.6321
56.3604
141.931
219.734
106.58
189.237
408.917
-38.9929
1.44785
-32.4867
151.945
62.3942
190.572
-5.98767
191.295
60.8161
178.649
113.643
-31.4393
190.274
13.4297
-29.9775
78.7627
-48.6256
-4.54773
162.107
217.088
219.668
107.274
327.657
-47.8811
-131.954
62.5271
-57.8214
46.0585
35.0326
49.0489
-105.686
132.9
-173.517
45.4343
89.4253
193.43
-26.6213
124.081
186.142
198.336
-36.5189
119.694
127.299
133.242
251.562
44.6879
189.748
77.0978
176.119
44.3875
114.959
257.011
61.644
187.111
128.934
-14.0378
153.495
263.599
70.4354
-7.12463
149.938
97.6224
38.0631
243.433
88.0414
-63.0434
147.711
43.5099
181.449
-58.9476
-110.409
8.5166
3.05028
-2.18119
11.0946
52.8869
-82.1869
264.088
-54.1962
109.249
118.227
87.6538
227.42
32.655
64.2197
-132.043
21.6826
23.7759
316.702
98.4632
-5.38829
-34.6039
52.098
99.7213
-119.589
202.075
102.714
70.3326
139.118
197.462
200.994
-99.7094
138.221
-12.8793
43.6871
-36.8777
54.3175
19.231
32.4809
45.1766
-186.145
134.107
75.2566
-35.433
-73.736
71.6975
-1.99644
62.4124
-84.6305
195.622
165.317
-9.90475
-135.156
-44.3365
165.751
136.223
79.9643
181.13
103.606
-85.6762
-157.877
0.945723
78.4357
-24.1161
129.962
80.716
40.1299
153.027
260.302
-25.7279
74.5743
7.66832
179.755
0.338448
30.5445
73.7526
6.51074
115.284
126.606
78.2809
207.993
60.8974
-21.9122
219.6
55.982
296.762
-36.1912
6.77869
59.2233
182.789
39.0484
176.206
-192.967
249.07
105.936
43.2681
197.31
6.15309
184.382
14.4976
-217.931
108.522
104.842
42.4821
89.223
79.7238
141.905
59.0686
224.057
321.437
-120.03
112.335
59.3678
-37.5756
-85.9988
176.546
186.414
270.595
85.0754
78.0509
-94.7049
141.052
-4.12664
-4.28702
23.1778
110.461
74.9547
-0.315799
-152.852
-13.6429
216.218
278.033
96.45
16.4652
18.5154
36.2054
180.859
227.24
48.2243
-74.3445
191.498
-21.6803
-17.2249
-119.434
126.237
-7.59964
-128.994
107.64
194.582
-163.058
-164.952
98.9796
-40.9078
32.647
282.988
309.597
20.4818
161.273
-59.5417
146.695
120.882
-25.0241
-27.4102
71.6567
29.8115
43.1174
181.27
173.121
-117.333
-1.9386
3.29338
206.185
-9.34286
0.209753
83.008
-4.4916
107.456
-92.6928
118.42
181.695
-15.2108
261.861
117.555
273.824
-40.5945
14.1223
94.7717
33.1837
-69.845
8.63027
84.3924
73.7169
90.0487
-21.2349
117.653
-0.750745
54.6648
73.9971
-278.675
16.8502
34.9831
272.358
-21.9591
-84.5862
-11.7167
-85.3494
52.2809
60.7968
19.0283
115.371
191.272
-81.484
77.3493
110.198
-83.6764
314.281
64.9286
72.6116
39.7487
21.8156
-48.4899
-124.961
202.01
-48.6373
146.735
152.431
256.31
9.97237
12.3409
-20.3387
-67.6338
149.87
3.64063
-47.0852
176.807
14.5964
77.6134
-6.80021
131.324
220.939
165.111
-62.0839
226.081
217.501
233.938
43.511
216.842
92.2118
136.089
113.012
145.508
164.871
226.137
12.5598
-30.3207
196.848
224.488
67.7593
-11.6586
218.175
57.2895
49.7265
-252.384
25.4969
82.2592
-15.2627
169.097
62.891
-145.463
293.204
-16.785
179.398
167.379
33.8918
-57.0852
185.366
196.99
129.658
-60.9857
257.731
77.185
184.85
101.672
82.8483
-41.4045
-188.509
-3.82347
58.9551
235.259
26.7728
246.418
151.092
8.92838
-81.3074
167.942
140.4
1.83744
182.854
-37.1584
192.198
-78.1779
2.53222
119.492
84.1136
-84.261
-104.322
-162.461
175.277
89.3921
-48.1142
82.4075
-58.1219
87.4576
68.7993
59.2918
46.0439
-66.82
122.572
-22.8435
88.1404
-195.295
73.2118
62.261
173.643
245.309
84.055
144.36
231.129
6.23891
-38.7974
-107.471
194.668
-58.2721
-53.1208
50.2008
-26.934
-123.306
24.6834
115.522
97.7944
-59.2551
217.601
222.52
136.949
82.4963
104.304
-21.9687
60.9463
141.917
154.717
154.987
138.4
-41.7504
203.378
-63.6869
56.6965
62.3655
33.4116
52.1534
28.5951
9.15598
150.802
115.522
12.6471
-28.8008
98.631
169.923
-56.7832
107.466
56.2937
147.835
3.97083
278.846
-85.8455
37.5162
-110.279
-134.967
-60.8991
118.136
-81.0834
120.447
119.027
180.171
47.3806
205.744
-68.6252
-127.894
-116.498
24.1699
35.0994
-15.5795
126.119
-30.3575
120.862
155.988
99.7769
150.672
4.28318
26.6864
41.9129
161.134
-71.7261
68.9175
-111.233
56.3184
-83.2663
180.093
189.502
113.013
19.3819
-3.61694
-2.16695
33.8802
32.0985
170.069
105.31
202.077
-82.515
-84.6598
-4.50688
80.35
156.878
-35.1541
163.364
61.3234
183.645
30.8671
24.5829
196.145
26.9538
111.213
146.703
172.953
182.869
134.529
-95.7332
84.7388
43.871
81.9238
285.95
51.8834
167.021
-69.4894
32.4708
-22.6446
55.7721
270.75
34.51
137.083
88.8886
-29.4954
278.671
127.983
83.0172
143.233
-51.1161
-65.3279
-62.3968
137.036
-48.2851
71.3778
51.7943
141.671
-9.86513
150.59
182.719
43.6812
186.988
216.165
0.726298
9.23881
81.3838
16.3909
167.947
5.84795
90.7262
79.3369
125.572
-72.1961
121.965
64.6859
201.214
30.0574
-7.96227
125.428
-7.03109
-84.2891
18.3509
86.9295
-5.36356
60.4407
6.32448
-21.2256
24.548
62.1492
25.0314
153.333
75.2329
-103.604
56.2995
-17.9149
39.4948
70.9278
-75.7799
279.429
38.9231
-25.8436
-118.847
34.6347
-124.306
162.597
-43.8893
75.5638
107.156
43.5865
77.949
-177.503
-13.7487
75.1212
128.262
97.3591
241.801
182.627
60.3793
-42.9644
-28.4972
-91.415
119.627
95.6403
178.178
118.565
-6.88442
86.9899
176.048
90.7045
-13.3027
62.7551
-61.4408
68.2603
181.596
-193.69
75.6325
80.6806
-146.732
-62.9733
238.612
118.807
184.629
234.76
-50.8381
79.9419
180.278
18.0878
-114.955
45.1126
136.273
61.5152
101.297
-41.4196
72.7914
-12.9884
198.655
141.648
-61.4711
209.654
58.3403
4.46211
95.3747
159.395
75.9351
141.173
208.489
-223.965
123.959
268.292
188.25
-53.2553
22.9212
46.2344
24.1831
118.949
40.0028
43.5434
-2.63548
-54.7933
146.731
156.665
-17.863
-40.6094
87.2313
25.1013
-68.9892
161.684
108.431
-26.8784
227.466
248.942
-20.323
184.306
94.9444
-108.623
92.4513
26.6026
85.5244
-67.8621
42.5446
48.8657
-52.873
139.074
-2.56972
-96.911
194.887
63.3405
14.6641
282.334
57.4123
158.07
12.3009
160.095
291.097
-79.9884
-3.99515
-151.027
114.628
-4.84837
170.835
47.7732
-223.107
148.577
111.682
94.3572
5.62041
191.511
74.8515
111.441
-29.4331
-137.437
-63.2381
97.5477
252.57
-20.0071
-54.1701
129.418
133.372
-51.7059
-73.8109
10.0222
-5.05213
56.7391
62.4674
63.9945
-19.4071
-96.3254
-5.41941
277.416
153.668
55.2768
-129.004
144.93
181.915
199.075
-72.6142
-54.9266
77.0319
114.695
38.5364
42.256
25.183
136.62
44.6748
159.572
86.3283
200.95
115.46
130.03
141.271
188.903
186.266
215.119
184.945
214.721
33.9154
98.1441
-41.3965
-129.557
138.161
22.558
-44.1473
169.362
-129.408
26.1293
-13.5033
193.777
16.6021
294.37
170.102
-108.004
97.5819
55.1777
26.3468
104.221
58.7304
-37.4395
264.018
-178.686
-98.7873
86.8931
43.6178
27.0822
219.45
210.213
14.5955
93.7855
150.873
7.19607
93.5658
-62.3749
98.8326
-124.39
181.992
169.427
18.6025
147.482
94.5943
-158.659
116.979
117.207
53.2562
76.5122
420.566
-34.5952
90.7961
-1.40073
121.48
-20.6967
97.6416
61.0246
17.2415
-146.562
-17.209
61.9786
111.425
-3.9756
159.254
140.686
143.1
9.19634
34.9634
248.613
-47.5859
168.63
165.854
-72.8322
136.671
138.232
161.361
66.6048
43.8267
199.531
-29.0224
10.7018
116.059
-38.8478
-4.9658
-41.0207
28.6534
187.565
72.9619
35.3331
307.947
93.587
-31.1594
121.149
108.94
63.5242
126.461
121.938
129.134
63.5866
112.312
93.6102
103.455
140.821
127.375
110.913
-49.0643
72.4318
2.32737
22.9845
133.8
25.8179
-12.6528
68.4009
188.928
-167.468
20.7565
99.8168
113.686
133.572
104.221
224.419
-75.0602
63.2169
-57.8555
104.626
-25.5375
-129.45
96.4582
-68.7858
165.745
54.0711
8.49395
31.277
36.4991
210.25
89.8913
273.519
-32.4937
178.405
73.9181
43.9093
5.69644
102.269
211.921
73.7431
110.191
104.433
131.925
-191.8
115.293
56.3809
302.58
73.901
246.115
13.664
170.448
1.37705
157.124
-75.7257
111.798
78.1032
236.026
-14.2893
104.903
299.759
148.439
18.7416
106.111
-92.9659
274.051
140.648
78.3038
98.1827
96.4283
-72.1671
41.1294
101.661
-5.86226
124.856
259.205
103.809
-5.07619
54.1549
128.719
127.852
89.9056
83.7471
117.545
96.9963
44.9627
140.315
-3.60352
-46.27
201.399
89.4902
208.582
111.043
19.943
2.82714
175.878
-3.81645
209.528
-95.143
-35.9524
10.1276
109.676
-12.4308
-91.3984
154.579
-27.1318
44.4221
65.8747
-11.2263
19.5067
30.6946
18.69
112.897
125.614
123.089
134.187
189.202
73.5118
161.383
191.475
177.276
-50.8317
38.4471
-71.1165
264.538
107.026
175.953
-70.6094
69.998
150.928
67.6082
269.85
111.529
285.441
122.971
31.2563
139.552
316.644
133.326
194.032
-8.64857
81.4884
96.9627
56.9078
162.634
25.6005
66.516
149.004
-17.5225
172.243
5.40295
-67.1931
-3.03044
242.082
158.253
60.0243
164.069
108.592
77.5804
84.9351
157.056
16.7837
77.1747
24.0298
146.331
156.841
-75.911
-31.7916
-29.0122
-22.238
-74.21
37.8463
120.032
50.4983
211.135
155.923
202.89
1.27965
102.534
151.495
54.4263
-14.1813
-78.8575
184.809
118.526
157.192
93.6953
24.893
88.0818
-76.1394
-116.401
44.5119
117.178
38.5022
5.31146
280.909
135.445
132.969
88.0254
-6.81388
240.257
147.686
66.5322
85.8163
25.3193
22.6236
79.757
67.5817
-40.182
71.081
112.473
34.9905
39.1474
129.022
102.1
186.746
163.846
-1.89371
115.766
143.157
82.9566
59.7554
-81.0334
309.459
47.4239
202.598
-60.2915
94.2332
-9.0371
-25.9518
374.643
78.1026
85.2992
76.7206
87.2263
168.92
-4.41849
148.395
64.0267
-71.464
-71.3662
154.86
197.481
134.441
213.36
-44.5365
-24.0715
51.107
6.13069
151.22
144.534
78.1075
77.17
185.137
-105.33
-209.638
263.83
-75.5699
217.896
74.4496
153.997
49.7886
-61.426
80.99
114.288
279.729
24.3736
-37.1417
10.2361
200.408
-45.8876
109.085
-80.8153
88.9446
190.107
-61.8726
-29.9375
-49.7801
-3.79292
284.356
188.448
161.889
106.526
-39.3326
26.1293
88.6626
-35.0627
129.859
128.524
137.604
49.4906
-11.8503
-88.2059
15.5953
11.5166
16.3071
74.882
180.68
-39.4689
-3.52636
72.0233
57.9011
177.796
-24.5317
97.9421
86.7613
72.6327
88.6057
281.067
2.70673
106.166
-86.0372
83.8451
130.969
150.389
139.55
318.568
109.934
-13.928
219.989
280.7
122.884
180.523
168.92
106.273
-76.8054
41.6618
10.7506
50.5436
39.6261
112.424
-23.8368
238.584
-132.384
28.4043
38.1684
160.558
-57.7938
-72.0331
54.2786
-46.5097
119.726
80.0496
-133.947
73.0189
-8.45628
26.2207
-61.327
250.871
-11.6191
-0.282668
177.111
5.3052
120.217
55.4712
98.9924
-36.6383
100.298
27.2608
123.044
186.927
125.952
-66.2606
170.069
18.7576
131.114
119.441
94.5819
40.9577
81.4168
8.76394
-72.8188
266.68
109.699
69.8419
214.02
0.126721
122.244
54.7501
91.6404
127.286
-60.706
42.8621
172.484
-73.0301
49.1782
118.195
14.1126
85.0489
28.5712
4.77363
100.963
176.727
304.348
166.489
223.006
-12.5622
196.266
103.322
-109.529
72.4143
166.984
-77.8658
-35.052
176.112
67.3971
99.3561
70.089
43.4232
-122.617
10.9961
-30.6527
360.099
254.949
141.039
207.753
-57.5666
-5.56106
-66.544
101.871
137.687
197.639
115.69
-2.97114
-2.66814
-36.5248
51.0075
155.071
256.703
5.97414
-88.7024
-21.0387
236.773
44.2473
161.542
-109.582
112.229
117.448
121.917
-167.228
115.99
49.0135
172.542
47.7039
-104.851
12.1507
9.27172
107.108
99.761
23.9267
83.7144
80.0719
79.9863
62.2546
131.324
36.2822
203.33
-51.6642
86.1717
-41.3114
19.6068
126.385
43.8646
122.178
-29.6873
48.4505
116.417
-89.3706
-125.174
-23.7583
-24.6367
10.6392
22.2288
212.339
191.979
47.5253
-78.4322
216.755
38.7805
327.545
200.18
73.2686
88.7959
-66.2762
128.269
-174.199
-19.5017
-11.6191
170.506
60.2469
241.883
129.968
22.488
50.2854
39.355
68.327
-48.9086
276.553
45.0378
243.799
-31.0182
33.6537
71.4026
-42.8418
202.488
5.50442
141.199
-19.1995
164.957
215.855
-23.7505
72.1763
180.11
-89.875
27.4032
76.6157
104.406
62.85
195.345
67.1617
187.109
-64.0681
42.5145
80.9312
160.755
180.243
187.377
3.3003
27.4116
206.137
16.6999
-147.999
146.713
110.527
275.499
-179.396
117.153
17.02
-17.9359
125.635
255.552
-38.4357
72.3416
-79.214
199.231
152.689
67.3873
139.075
80.1195
237.072
259.793
174.253
108.455
48.2804
-107.691
176.296
164.537
96.5654
-40.0511
26.1932
60.4131
-33.632
161.51
-152.929
-196.168
49.0872
71.3347
61.0306
6.1815
-25.2512
21.8642
-41.2316
46.0014
49.8372
126.435
212.726
9.19505
-62.6832
-31.9462
83.4512
50.7856
56.832
39.6653
67.2529
102.056
-18.6046
75.1668
-31.6163
217.818
-59.5754
55.3151
87.6763
79.1815
-132.254
98.9687
40.7171
-20.5099
19.8197
4.81825
113.776
202.047
24.7365
-61.477
158.632
133.478
127.892
18.0061
114.609
267.116
86.6261
113.687
124.834
73.809
277.112
187.669
86.5768
151.399
83.8105
52.8197
32.9383
158.614
175.933
100.682
134.763
36.8566
41.3862
-143.928
93.6745
20.8204
112.713
-53.7023
12.287
191.193
27.3302
64.5341
82.4717
4.94517
186.924
-81.2786
223.273
131.537
149.4
-113.817
144.036
179.365
141.201
144.772
104.363
69.8719
94.0007
168.437
68.3483
300.465
125.293
229.674
135.491
71.4254
1.23666
31.8539
61.5214
16.7092
217.967
151.96
224.266
92.0317
32.5108
-228.623
-55.1923
3.76892
355.598
87.0695
271.292
99.4938
109.215
-46.4245
32.981
131.266
-74.0821
41.1234
134.565
98.5328
-10.1331
-20.1655
25.7755
234.274
219.184
-56.2254
-71.0038
194.11
297.423
120.521
116.772
67.0867
32.9797
100.765
96.6048
111.136
208.872
41.9673
28.7174
128.899
-52.4799
161.856
125.007
139.638
71.3039
-123.532
63.0307
75.0445
15.0234
22.0105
-89.6008
6.23598
-51.7811
155.683
18.5678
-13.2514
183.997
303.69
-143.773
238.612
-31.1528
162.189
-0.512466
141.316
70.7167
-50.1257
154.896
107.849
-27.0144
17.5539
223.328
-69.6979
10.8007
-102.418
234.772
-57.5726
263.374
147.445
39.956
117.33
100.869
39.6942
74.1666
63.6285
89.5959
257.052
-79.6225
221.298
-41.9197
258.115
23.2819
-14.6874
142.407
203.507
118.174
99.7891
64.8167
177.86
74.9009
-37.8896
201.213
195.712
-13.3948
-26.4872
139.327
117.944
103.188
69.4394
52.2036
143.312
-140.759
74.362
85.1622
-35.0541
148.338
120.032
146.378
94.1663
26.7866
-16.497
160.566
59.8259
25.6805
-17.8279
165.858
115.833
147
-171.891
75.8415
215.264
-72.6566
-0.0210995
-40.4957
116.356
-10.2701
-50.6461
143.358
225.98
44.7644
72.3172
-22.6698
91.9309
11.6206
-112.827
143.858
124.972
-29.8861
135.15
196.89
80.8555
40.2819
84.8882
49.795
208.439
130.184
165.321
-55.7725
76.9922
-19.9599
166.737
123.206
134.765
-1.83999
14.5425
-63.0998
-0.888066
122.954
78.3158
73.6824
176.249
162.207
279.163
218.585
-17.151
63.86
7.46362
105.525
-43.4723
278.576
27.7373
61.203
181.284
93.8674
168.454
105.76
-42.062
138.01
123.714
37.2502
-8.62409
151.63
41.5357
76.7161
47.1936
26.2531
27.7637
146.956
-45.6866
-22.9055
-44.9577
161.74
166.113
139.967
55.9115
11.2121
2.77322
-34.4917
31.1801
68.6377
140.318
-47.2725
221.405
124.477
169.846
-88.6541
109.293
-19.1228
115.675
108.805
-35.1741
40.0499
-46.435
94.3104
-54.9516
37.8958
41.8066
115.865
99.3672
86.4443
132.306
200.218
128.398
6.61271
33.5864
22.2646
178.741
-73.6823
189.484
102.945
80.9693
-34.4885
138.247
69.6967
-33.5271
98.5448
149.935
130.983
72.2243
72.3469
137.302
185.695
100.35
-130.873
-22.9763
186.814
74.0505
121.49
-85.1232
-33.686
-29.6233
44.4545
232.23
-40.4539
-57.2728
27.6615
-49.0728
-93.4108
249.404
3.20757
-37.9444
-66.7844
-9.98725
219.133
45.2946
-99.076
-2.71933
199.632
210.703
77.8208
104.323
-73.9573
119.385
129.222
222.861
137.413
128.704
200.214
-220.167
225.313
191.923
-2.59368
102.824
24.5025
140.315
61.3529
-49.6398
-5.44224
-159.636
75.87
107.976
223.568
154.746
18.9955
105.122
-10.1352
113.917
27.2208
7.80958
212.147
13.8786
240.491
35.5255
-31.657
194.177
25.4702
61.5982
112.549
164.858
231.64
206.18
127.591
-52.9586
101.935
0.069125
7.56776
118.246
181.474
3.14036
25.9582
44.8252
8.57716
88.2626
84.2034
116.356
107.251
68.2917
158.497
53.2423
132.838
105.93
3.08076
110.906
-10.3657
-19.3065
-3.6246
212.937
247.284
65.9222
45.4687
228.876
171.238
-52.4665
186.444
-72.883
32.2382
102.652
103.263
165.34
-40.3768
279.918
36.5787
145.388
109.988
-138.515
-91.8087
-64.0867
-37.7543
151.476
135.281
199.39
280.468
86.6058
-75.5804
-62.4717
20.0748
3.27281
40.304
138.161
217.057
29.792
82.8539
131.171
80.8701
207.654
-5.38246
324.262
166.946
163.162
55.1101
-97.1674
64.1313
46.0534
219.342
174.784
158.508
218.35
-0.777503
35.459
38.3605
28.506
37.04
106.707
-16.8421
-35.1872
23.3694
33.509
8.18904
-14.4256
121.237
145.553
190.268
69.6556
63.3894
-15.7052
48.5673
121.8
73.1787
147.834
-32.7764
-40.3028
239.477
-3.51014
165.722
-14.6577
190.799
140.433
28.721
113.49
21.5496
137.302
56.9388
-15.7178
41.6952
317.216
227.523
135.96
52.6662
16.749
103.546
198.23
253.39
65.0866
78.7782
-13.0335
205.528
-11.8979
180.151
149.614
135.771
146.414
3.00302
92.9222
-12.0054
-129.361
62.7909
143.038
3.83309
124.588
217.144
-12.6177
201.817
-43.6849
-3.9656
109.355
47.1237
110.139
-125.28
-2.88183
112.694
46.9123
127.101
-3.20354
223.574
-51.2013
68.3768
-91.6031
-112.055
190.903
4.04098
-68.8871
-2.5128
173.672
92.9983
36.8032
221.08
-34.6396
70.9021
-119.046
11.5363
7.96478
2.74625
52.8468
244.566
-16.8587
140.277
112.185
195.188
21.0374
-79.3446
79.8998
115.77
109.631
65.3503
195.716
126.295
10.5884
139.063
-134.485
141.664
117.235
2.70472
163.018
202.54
143.568
43.8862
58.6431
11.9381
-1.2998
-0.73928
-6.05165
133.951
224.027
131.834
132.707
40.7409
58.1187
85.4815
164.121
89.7391
-98.0217
225.498
213.171
90.7787
103.784
-31.2623
-28.4774
191.547
216.169
120.023
159.466
-100.204
149.243
-21.3847
-73.5649
111.543
15.0025
130.303
23.9412
350.939
147.068
285.603
36.6674
181.09
282.547
76.6713
119.304
191.457
22.4927
71.4755
247.906
219.853
146.787
130.276
32.1103
-31.3276
-69.929
75.3941
65.2711
247.428
118.125
186.581
88.6661
-19.5692
130.749
-76.6003
83.765
133.212
265.491
8.80163
166.49
-48.0846
59.2229
44.0382
94.2071
96.6865
-129.166
231.376
-68.9865
18.1046
146.645
201.37
112.979
77.2442
278.355
0.618196
94.7283
-41.4195
101.263
34.6191
109.037
78.8943
81.3339
135.241
13.3729
172.834
22.9437
129.325
104.419
150.02
236.934
132.606
9.30032
-2.60696
-35.6368
-11.4477
-130.098
118.843
5.63328
10.3641
98.0955
25.3927
20.2518
-25.1914
81.4728
106.419
-53.3911
239.849
34.5078
120.405
31.7986
192.847
140.678
-13.7363
173.411
-36.0551
-8.91931
1.22043
15.5566
73.5438
4.45881
122.862
-13.9204
89.4325
-67.3474
124.312
175.491
167.771
130.755
221.716
218.07
211.249
175.526
286.337
119.708
286.276
-47.2257
180.919
21.1804
112.109
44.1274
63.6746
89.0627
245.998
210.567
-106.227
147.054
42.4455
236.979
81.892
164.429
-0.169347
-95.6908
26.3369
-78.2263
155.741
151.503
186.613
58.0227
45.6119
44.1991
124.771
-41.3836
274.493
134.35
-103.183
17.7525
132.603
8.08632
137.745
266.75
87.5272
140.926
56.2423
204.066
-180.645
43.4548
-9.21851
6.96104
82.2308
139.559
52.5432
79.3012
-224.166
124.433
29.3562
148.298
115.707
78.6864
-18.0201
20.2548
-108.847
238.135
234.978
298.351
-9.03466
215.694
128.813
72.1306
59.1775
49.526
208.095
-114.16
-15.9053
47.7605
220.311
86.2692
62.6301
-136.038
22.5302
1.6342
112.497
135.015
70.7494
6.3655
129.785
79.2699
194.236
79.9929
-13.7296
171.885
-21.7371
122.686
-65.4704
-58.6634
91.6861
139.092
-47.0725
208.677
-94.6021
95.3064
87.4205
134.214
176.767
194.836
-0.356052
173.967
128.194
42.8825
-33.2856
50.7677
333.529
115.704
215.667
74.8989
122.524
156.447
25.7508
-1.24478
101.946
18.0938
-91.8106
-78.3626
89.146
-12.7769
126.875
132.715
131.23
101.758
-9.61425
-130.382
-126.201
78.9037
129.985
33.6326
38.6503
-26.6273
-104.38
-44.873
13.5947
-8.3852
-106.442
93.7328
207.082
-19.7985
198.686
208.113
36.3542
-52.8836
-30.9556
71.083
127.021
-62.029
27.9394
-47.9845
108.588
23.7194
145.893
-19.2791
39.2101
24.1865
29.2268
263.949
24.9575
106.544
56.3896
-110.226
120.925
156.898
1.23444
203.185
139.945
0.763092
74.2942
-131.132
135.863
-127.706
246.782
-41.837
103.797
143.496
191.804
139.068
-114.052
44.3011
50.0654
-17.0236
46.2097
67.9031
30.4862
65.7655
109.535
150.15
113.884
228.56
61.6523
78.2635
137.697
82.9604
49.6424
18.1901
191.19
-55.3406
67.9541
-35.415
172.92
178.747
172.33
-110.703
-151.017
10.2236
250.628
45.4336
53.509
93.3825
12.1703
-72.0835
235.708
146.367
-26.6292
114.159
149.836
-14.2842
169.606
-17.0311
129.365
153.308
93.6681
205.442
244.64
69.6332
168.523
341.075
209.618
229.636
74.0525
86.4373
-23.1147
131.732
72.4312
94.5791
112.306
1.62213
64.7489
229.934
111.248
-76.5968
-26.2987
192.825
43.6927
198.619
103.341
-113.956
153.872
123.66
-30.9953
3.87938
65.3787
74.1793
150.308
202.014
105.193
42.9437
268.785
127.543
102.029
100.228
84.6599
15.866
-71.7223
47.9083
216.072
44.2984
-50.25
124.311
-64.1225
163.371
79.811
-21.4347
186.708
139.706
9.86582
18.4587
-16.7433
-110.245
58.3274
-3.21361
-51.5532
-105.325
-19.4158
211.517
85.2579
100.972
39.0825
30.0434
138.601
73.0734
122.46
140.242
11.2374
236.278
157.613
58.0479
-8.38867
-23.4996
205.501
288.866
215.328
67.1261
-70.4334
150.767
198.244
35.3332
177.391
123.071
-67.0153
56.6977
101.521
125.181
-108.986
58.3285
-94.2154
30.9086
77.4062
-79.3592
-24.1445
126.785
37.2382
17.7593
185.828
53.8145
-59.6537
120.18
45.1536
31.5521
219.365
243.735
27.3223
32.6001
103.7
21.0981
77.0406
-105.592
77.938
-55.7122
210.806
-58.1319
219.477
-79.1477
87.811
44.9443
44.0982
-142.305
122.491
116.576
108.731
-40.404
-30.683
-33.7375
112.496
9.03682
8.23458
99.103
88.241
46.637
272.809
46.9155
243.343
131.488
148.124
173.16
78.8308
200.568
306.278
-47.0588
-73.779
84.0531
140.265
-103.592
-64.2097
197.451
168.624
14.7186
185.078
-5.61987
-112.038
61.0621
-111.36
18.6883
97.4919
122.946
178.078
134.906
128.309
129.807
138.676
-29.5372
26.777
165.152
201.397
157.294
-58.1681
-36.8875
79.701
-137.197
149.014
82.3478
96.5072
75.3628
-78.7808
59.1865
239.633
122.54
-15.6627
164.232
94.1917
204.414
-60.2937
9.53594
51.5535
110.261
59.7828
-49.4585
43.032
103.496
211.047
-23.3931
219.698
146.738
167.934
204.734
173.183
-24.6087
230.4
213.091
110.527
-47.7627
44.2194
177.562
57.2757
101.591
-77.1767
226.739
34.1102
138.423
-60.4027
20.4197
148.516
110.907
137.502
114.258
200.137
112.01
62.1298
114.744
143.617
137.831
49.9746
100.49
98.8597
132.521
161.419
213.131
192.295
41.5013
-88.3786
228.207
180.782
-66.4557
46.1843
81.9317
96.6076
17.4361
251.773
124.643
135.69
117.775
-64.581
125.492
171.491
-0.707286
146.018
34.2789
-67.7241
70.5245
167.668
47.422
144.433
100.748
-97.7022
134.047
93.3768
160.529
-28.9995
215.074
-83.0488
-150.931
163.292
179.165
-44.3202
31.3276
96.6854
207.744
50.3012
-2.68009
9.17587
175.432
148.628
195.657
66.0275
-110.627
-15.3349
285.334
95.5066
114.826
61.2154
36.9995
67.4411
152.227
164.628
42.5624
-45.2505
204.72
86.4107
100.116
170.433
58.461
48.3206
242.996
195.919
-103.015
-10.8348
80.7349
-95.9311
139.432
112.331
216.089
131.36
45.8485
61.9342
-36.5961
56.4888
-4.26719
-67.3022
-132.171
-55.9835
68.7085
84.2139
51.8082
330.039
212.674
48.4788
-79.0714
98.6089
14.0393
-44.3076
58.0454
-67.7807
164.809
83.199
167.827
179.828
127.911
44.1004
61.5094
-40.523
65.6664
87.8976
244.263
94.9945
63.7064
-135.704
146.981
109.365
127.791
153.943
181.965
163.962
140.251
-50.6564
83.5359
112.954
155.179
151.46
195.132
41.2747
165.923
40.5428
85.8338
23.8053
-124.262
95.313
91.0781
299.404
-61.0594
-14.0535
69.6857
74.4494
-50.985
232.491
25.2402
170.253
288.228
31.9552
58.1635
166.507
134.471
107.532
149.06
233.224
115.585
187.357
71.5823
294.364
120.1
44.2389
147.511
130.534
62.4209
240.296
72.3624
289.178
134.533
120.47
-93.3258
164.576
53.5881
84.1008
-51.372
-35.3398
191.798
125.105
172.658
136.352
-21.1415
26.7481
56.3415
203.967
-16.3683
132.48
273.869
46.5493
-7.27345
-46.5709
-29.0211
141.619
118.51
-2.04809
107.241
121.388
59.0861
-46.369
-19.2011
76.4957
-62.0928
97.6026
79.2087
135.29
90.2166
39.3005
-65.074
-3.23013
-4.08633
167.832
54.2271
151.475
-0.520957
164.939
-35.8242
30.6388
73.0085
164.612
105.651
261.29
12.7828
10.3026
267.02
59.0742
70.5918
175.574
42.246
147.918
77.4764
8.63453
143.567
228.91
46.9573
-0.839839
107.757
279.356
105.245
36.2954
119.169
-34.4338
23.2488
236.345
-30.2599
69.4634
172.579
35.196
16.526
210.732
65.918
276.03
69.1074
51.7359
144.25
71.6969
90.6072
120.764
121.217
116.559
181.681
-18.532
-34.3342
-75.7253
44.595
186.765
69.988
203.471
-16.5525
65.6234
131.446
-6.05753
77.1525
100.403
109.958
17.7018
-83.0957
126.066
186.033
9.10671
166.523
-44.7758
91.916
-77.9365
22.0464
124.404
258.18
71.0437
-119.73
153.633
121.066
5.08513
167.665
79.1617
-22.7866
-31.3219
159.032
116.641
184.315
-11.8147
154.461
90.8778
120.288
91.6677
74.3535
124.847
77.7551
-39.3934
-14.0589
201.614
80.7378
88.4267
108.039
-14.6967
101.471
115.766
-56.7819
57.9115
80.7504
127.963
-39.5324
-6.08133
183.135
351.337
161.103
-2.97371
229.955
-38.9956
10.1978
-2.99319
34.2897
13.8999
-69.0868
158.51
-25.5491
270.176
-59.7259
39.6532
81.5072
-16.2441
94.7189
34.6695
15.3713
23.3463
-32.4048
-32.2943
37.7433
22.3814
109.325
41.8653
69.1059
81.9081
206.458
100.361
166.883
-87.8191
98.449
146.113
-79.6117
5.9806
15.3306
191.403
11.9055
-38.3767
28.0603
70.1018
3.32795
182.584
12.8514
-5.17434
-112.282
103.233
152.504
19.437
25.9764
145.307
90.2678
111.869
148.103
117.857
-143.426
108.994
71.1737
226.34
103.519
75.0783
46.8066
-34.0215
53.3529
-36.8331
215.877
130.616
55.7618
26.4441
108.322
28.0345
126.402
63.478
191.441
176.862
277.59
-79.7493
59.9305
166.051
78.5448
39.8585
63.0195
-84.0071
252.58
-67.7626
170.724
24.204
-116.602
162.889
169.557
158.77
35.7224
35.6833
84.3742
202.772
10.1469
260.324
63.3277
152.122
275.217
113.781
100.542
19.4452
94.9796
309.523
101.255
154.449
99.0058
-23.5667
-55.5038
57.9317
94.9243
190.614
42.837
19.4007
176.488
94.117
6.07975
52.6697
150.793
33.8011
198.061
130.111
76.4981
123.004
97.0473
1.35239
156.389
39.2238
111.39
124.624
155.376
-47.8893
158.288
2.53684
33.2071
-106.644
56.7372
52.9149
50.1365
-29.9453
110.464
54.6248
144.801
10.0302
76.7892
171.078
207.098
-10.0079
213.298
53.1074
-9.48997
164.085
-47.0319
-6.21274
173.163
47.3708
30.3177
95.5475
90.179
72.7817
-54.1787
-47.348
84.7784
38.557
79.8024
105.053
17.2663
58.6289
6.49022
63.7033
75.0491
67.9338
274.48
-11.5555
53.2189
109.575
300.266
133.473
157.972
176.95
162.382
193.927
87.7738
112.412
23.832
63.6021
-106.376
-65.9143
3.51294
219.713
22.7491
-24.5949
161.62
198.336
-81.2812
78.6396
99.2851
115.807
27.1192
-105.864
3.78233
95.192
-127.841
49.1295
70.87
209.277
104.878
-85.6243
156.722
218.463
97.5349
96.747
149.071
92.2489
258.67
153.823
79.5576
64.7754
50.4945
-42.4973
-16.3324
72.7648
124.337
39.6201
90.569
65.7572
154.071
151.791
213.132
71.4933
174.024
-46.4852
291.746
170.332
134.514
167.126
326.732
91.3997
127.185
160.159
204.213
129.709
-139.935
27.9141
52.1607
75.2585
198.379
104.635
31.12
172.013
96.1516
56.0695
-62.2543
11.5067
43.6493
15.7966
56.6661
46.0239
46.9894
279.787
100.846
97.9523
207.986
28.468
20.7267
-22.4348
23.3475
54.7571
199.659
215.887
197.354
32.5271
-135.575
244.845
191.67
-76.7869
-106.817
51.7505
101.69
72.4407
70.9994
-66.5093
205.95
140.652
-99.5634
182.414
-88.2641
236.271
54.7045
-98.023
148.811
-62.1999
196.051
69.5846
-26.3006
-125.499
35.8875
209.165
234.259
-103.778
277.925
10.1703
203.967
24.3824
110.843
-92.8178
175.86
134.584
101.601
-11.6713
253.965
264.096
49.7235
14.0115
-41.1386
140.924
50.9935
-46.3533
-53.1363
84.6393
27.4553
147.082
32.8489
214.765
16.1569
-38.8004
269.426
77.1079
80.9262
94.7245
-31.9459
-32.4827
77.7439
-140.121
37.6142
-39.2465
174.926
21.361
-7.59398
-22.0623
38.2275
244.803
165.217
114.766
153.019
0.0353148
193.11
88.8464
187.527
175.936
86.6859
-34.1444
210.764
148.251
94.2317
-130.17
82.1797
120.106
229.637
21.5771
160.389
185.802
123.124
57.2602
-33.7616
73.7102
373.788
-70.2721
19.3022
96.1108
194.272
163.613
103.594
103.528
127.198
75.9949
154.068
223.469
128.138
82.0712
-37.4193
91.5905
83.8947
122.094
55.8202
11.092
155.535
74.0098
-46.4602
108.289
227.172
-68.2892
-28.9249
34.2885
-84.7382
176.226
43.0891
21.5144
189.193
119.251
139.315
258.906
190.163
73.3082
88.6042
42.8588
-77.8719
23.2987
253.576
102.142
39.7173
76.9188
4.07287
153.204
34.5369
99.9984
54.6086
-175.851
-23.6336
103.086
-78.7103
109.922
-133.501
-74.7511
82.9523
3.91376
35.8812
148.094
-19.3434
-58.1723
44.1274
147.437
-114.754
157.798
-3.7463
63.0579
133.428
184.595
98.9957
177.987
97.7488
-10.0427
234.635
156.508
134.109
116.223
-75.1305
38.4507
101.413
180.884
-65.0722
-39.7597
106.457
219.055
124.104
287.862
203.194
45.9181
152.341
7.34369
130.064
63.5975
73.8973
83.4434
-62.678
-54.6854
71.3038
61.8468
306.544
40.2226
226.236
41.3943
88.2211
263.705
70.3937
-67.0222
29.2169
208.715
147.903
36.818
17.9803
97.5238
4.19675
3.28212
123.465
79.0311
204.144
246.548
109.486
-15.2685
129.783
24.5023
76.475
-12.5178
-112.659
148.536
28.2024
-11.3837
113.605
-8.70541
-11.8935
-28.327
73.268
127.647
68.2399
197.037
214.977
69.5368
-10.5402
54.7015
-14.5438
-74.6386
243.977
68.8557
-50.7376
29.8546
211.726
60.9546
88.2165
185.227
-4.66894
51.7888
-24.8222
-39.8916
156.141
0.442229
17.0686
140.028
-143.342
96.9889
21.0136
285.207
43.0925
75.1459
148.279
75.1172
32.7194
144.417
229.604
38.0941
172.579
165.644
-40.7566
102.894
175.869
-125.937
-10.1075
36.4057
-16.4225
78.4937
191.584
145.48
29.2156
77.0152
-7.91193
55.5059
127.347
192.577
-30.8079
137.739
-127.535
73.0683
29.9877
156.27
2.17831
94.8733
63.3675
0.989616
51.2967
132.825
42.2098
229.92
21.766
-67.4163
194.392
115.576
13.9942
216.11
124.49
86.5052
73.3317
245.881
62.1414
72.1219
111.21
48.2603
-46.008
18.1871
29.4617
-5.85066
170.076
99.7456
108.638
26.0642
-18.159
149.17
1.34497
-28.7736
-56.4144
-121.317
87.7725
190.23
167.111
62.5849
-3.21364
180.913
145.8
151.996
66.252
44.2818
-59.795
-10.3901
52.4763
-171.889
125.382
139.764
101.244
-71.9601
150.421
86.6591
132.998
-18.6835
245.304
0.180253
87.9514
-62.2554
-11.1478
54.4125
27.5549
-39.3827
95.5537
251.154
157.986
-59.8047
12.3619
59.7513
160.274
173.707
51.4194
345.46
-99.4349
64.123
-26.3757
-70.5752
114.943
229.96
56.8183
162.419
99.2238
-148.454
-7.31658
198.284
-15.9424
90.7099
14.2797
11.2545
120.401
38.7957
264.439
-153.755
290.697
-40.1306
-165.72
-38.944
156.683
55.3946
142.942
65.8085
32.2823
64.4367
117.448
37.17
172.11
30.1573
-62.5158
-9.71676
169.198
29.3983
-6.21058
106.878
178.52
275.351
59.5644
168.333
23.2144
-77.2775
181.636
22.9578
12.904
138.455
30.477
62.8758
24.8396
72.9752
-66.6325
121.102
43.0199
1.59614
112.96
159.223
83.6239
-32.5985
-99.6857
72.9815
34.5284
158.258
257.646
137.112
212.714
204.515
-50.3896
54.2148
30.0882
58.2802
92.2803
42.7128
85.0736
199.122
195.256
112.912
122.521
10.999
19.9427
105.843
73.4309
173.3
-36.0121
91.1591
169.676
-156.517
240.811
252.199
-33.1676
111.138
-48.5701
204.638
-23.2468
57.631
130.419
-45.4687
74.7781
-159.01
192.185
81.6437
-47.5811
90.4264
92.3094
43.6044
37.3873
3.94678
111.032
149.124
-85.9857
143.39
169.907
222.6
211.42
151.192
-16.068
-30.7242
93.6179
66.0355
57.0968
23.8317
40.1816
-40.5488
46.6459
-39.7796
152.287
137.927
-45.3881
5.88545
276.771
59.3505
289.905
20.033
220.15
332.141
44.8646
99.2594
44.2511
181.929
157.417
-61.1773
20.2507
112.271
51.0258
-12.18
155.045
216.037
-12.5991
114.632
122.066
159.314
79.3707
114.692
34.8049
120.032
-8.81135
179.232
-72.7287
-11.2001
152.558
106.894
57.4202
-50.2001
118.317
-16.7125
14.1927
76.6065
41.1943
307.383
114.806
97.6248
-36.5118
21.1544
125.326
-58.9031
249.726
-112.306
69.999
148.511
126.904
69.6356
140.277
-1.75659
63.6302
182.967
225.32
27.4574
15.9875
-56.6858
177.982
-136.819
127.574
180.12
78.9438
195.708
-108.916
207.664
24.3516
4.20684
223.907
125.757
335.643
5.42602
-50.3204
155.115
52.3453
51.2651
144.795
49.5435
-20.833
152.128
42.7026
-85.1544
208.238
81.1926
-100.206
185.265
50.7815
62.9555
314.348
56.1779
166.216
52.5642
12.6984
100.389
-89.3639
189.034
-91.0968
-32.3012
20.5309
-126.983
14.5048
208.054
-133.061
-146.111
163.658
249.661
78.7846
194.531
94.0492
91.3344
83.0087
14.9613
156.03
362.068
196.809
119.527
-66.8925
133
-37.7148
62.1534
85.4528
182.755
68.29
41.5578
-148.607
164.104
223.732
82.7518
98.0559
153.716
171.21
183.19
-14.3222
-40.1375
64.3653
138.428
-33.504
-1.67068
21.5718
-10.3936
201.362
67.323
116.442
91.8589
191.631
-96.4463
277.448
-109.404
243.017
4.04913
12.5431
39.0587
172.554
239.358
-68.3928
-185.786
-16.8256
259.074
176.652
27.4386
12.3873
21.724
-31.7212
111.674
128.181
207.38
14.0476
56.0306
107.109
-0.601016
-30.7617
-43.5825
113.342
11.5838
-45.5517
109.958
-49.4986
93.6555
148.571
70.3416
35.7086
18.713
83.7098
58.5718
-128.637
151.747
-201.243
31.4011
166.056
-43.1662
97.2529
-21.8261
167.111
118.595
-22.6222
42.9543
171.162
161.828
-69.9993
262.259
-53.2418
194.362
-42.8182
-87.255
129.366
3.59968
133.837
-92.0827
-29.4454
-5.45394
142.155
104.136
147.733
217.089
-14.2692
73.7803
154.925
118.465
46.4646
128.4
138.991
26.8259
165.674
16.1698
30.2134
151.061
214.459
47.0657
-59.1159
147.616
0.0381697
38.0769
-32.7798
-41.7708
71.7235
52.2991
85.8045
153.8
-23.6632
-57.6198
71.4363
75.8793
31.0724
67.9567
20.7285
119.226
83.9344
27.681
199.167
99.9433
-115.104
123.833
-89.4322
-49.8387
-4.77251
170.729
219.662
33.2505
109.915
77.2159
42.7196
208.907
126.125
42.1759
70.767
321.081
169.988
81.3619
14.6812
108.011
148.884
61.0106
199.369
-42.9728
174.039
20.0874
161.461
97.1135
193.41
180.804
82.1259
25.0697
22.1984
-57.5579
-2.43581
164.769
344.267
-14.91
77.1179
137.533
188.123
132.295
28.785
144.926
89.9234
310.427
24.1322
-1.16761
300.674
52.1663
-50.5758
-15.4364
-21.5926
27.0751
175.738
44.3397
99.9865
-8.7403
23.2285
262.237
-53.419
112.579
133.762
42.9592
-41.8355
-184.243
169.744
-102.009
212.765
152.472
179.466
94.329
-136.809
158.811
155.936
-11.6636
77.1745
80.9558
75.0311
48.1607
137.04
-47.0674
180.268
152.831
-6.57702
114.623
195.296
11.0128
33.7823
139.415
39.3517
-58.3508
83.0638
122.135
-0.426822
-9.42625
19.1458
53.1337
212.779
-88.6016
-83.761
127.491
23.0846
29.8274
85.6761
-50.9096
239.289
101.918
63.5572
-65.4958
51.7363
37.9043
126.477
200.311
235.05
-38.4824
89.684
-13.233
91.7129
14.7622
118.311
158.027
92.3033
153.423
29.5894
-31.5515
6.85376
21.8476
194.152
-24.6154
59.7099
49.9031
69.024
65.7669
-68.6576
70.1856
189.221
-20.8204
192.442
-13.8824
-229.396
-11.6435
249.524
96.108
59.6379
67.8347
-72.8941
-43.0432
130.496
-69.7824
246.035
122.796
-228.682
72.9488
172.138
132.667
110.348
48.6261
122.204
29.8785
-11.1893
2.09575
61.5069
190.667
-43.4334
-233.368
130.813
115.968
-33.4699
-112.516
224.237
12.7655
20.533
-20.6797
133.354
197.325
-102.661
-59.8579
184.389
71.2853
26.8453
100.499
137.531
-53.3708
91.5864
84.8877
-15.2959
-81.8107
162.921
64.1164
104.172
92.8783
-35.3497
-15.6672
127.68
-58.4079
36.1875
139.286
174.49
7.98966
7.97215
74.0526
170.826
110.251
32.0043
-5.20007
105.242
-25.5962
95.6138
91.9495
115.789
85.3533
172.348
256.632
155.87
-21.9077
47.4568
153.573
158.929
29.6423
100.275
-58.2783
-67.4646
-19.9627
226.245
248.079
14.588
-13.3117
-10.9995
80.8342
87.4877
90.2501
-39.0903
79.5115
-81.2104
102.474
221.878
38.4705
12.4031
106.45
305.088
-18.2933
-26.1193
15.1392
225.095
226.612
127.366
-15.5172
157.211
1.09102
48.721
65.6426
-73.1408
214.42
48.5843
8.44996
167.2
122.434
101.537
-42.1911
114.183
-77.558
-44.7453
-31.0882
125.806
35.4934
126.545
105.157
153.437
-19.6017
66.6567
-118.642
-74.8811
135.939
213.125
-36.2154
202.434
283.96
224.333
238.038
160.239
111.963
11.5001
45.6531
114.519
94.6312
91.3216
91.7995
109.928
52.8697
42.9451
-37.6444
-20.6952
249.186
160.664
39.1307
37.2404
141.24
38.7956
113.45
-3.42643
114.022
-62.9344
-17.6414
-45.0376
222.128
-94.2207
245.509
13.3232
-73.778
-9.72882
70.8769
174.924
35.8723
190.073
72.0463
