starting trial 0 of 1
0.256314
0.0964187
0.0674057
0.0139212
0.0317416
0.0248497
0.00407444
0.0570818
0.331888
2.1215e-05
0.0341484
0.000434813
0.0844823
0.316141
0.725743
0.378609
0.256626
1.27714
1.8677
1.82235
1.88052
1.44677
0.612267
0.0739287
0.202469
0.275042
0.0264841
0.00318851
0.0329508
0.205753
0.186195
0.0451867
0.118476
0.206477
0.0057478
0.134439
0.0984736
0.00137243
0.0739329
0.064886
0.160115
0.190854
0.302451
0.0332482
0.000994344
0.0026506
0.0426995
0.0518035
0.00829609
0.00967978
0.0129896
4.98151e-06
0.108233
0.181203
0.56028
0.221021
0.105454
0.00445441
0.000904041
0.215214
0.511454
0.414746
1.0969
1.07005
2.02343
0.582743
0.304262
0.847445
1.00418
1.43104
1.95677
1.78087
2.16554
0.748316
1.02805
0.45053
0.109125
0.00250034
0.049331
0.222482
0.540575
0.156591
0.603069
0.317381
0.909653
0.775537
1.26813
1.70229
1.03809
1.25457
1.45645
0.705137
0.496256
0.322221
0.118773
0.282461
0.538575
0.206497
0.302514
0.784548
1.00734
0.256314
0.0964187
0.0674057
0.0139212
0.0317416
0.0248497
0.00407444
0.0570818
0.331888
2.1215e-05
0.0341484
0.000434813
0.0844823
0.316141
0.725743
0.378609
0.256626
1.27714
1.8677
1.82235
1.88052
1.44677
0.612267
0.0739287
0.202469
0.275042
0.0264841
0.00318851
0.0329508
0.205753
0.186195
0.0451867
0.118476
0.206477
0.0057478
0.134439
0.0984736
0.00137243
0.0739329
0.064886
0.160115
0.190854
0.302451
0.0332482
0.000994344
0.0026506
0.0426995
0.0518035
0.00829609
0.00967978
0.0129896
4.98151e-06
0.108233
0.181203
0.56028
0.221021
0.105454
0.00445441
0.000904041
0.215214
0.511454
0.414746
1.0969
1.07005
2.02343
0.582743
0.304262
0.847445
1.00418
1.43104
1.95677
1.78087
2.16554
0.748316
1.02805
0.45053
0.109125
0.00250034
0.049331
0.222482
0.540575
0.156591
0.603069
0.317381
0.909653
0.775537
1.26813
1.70229
1.03809
1.25457
1.45645
0.705137
0.496256
0.322221
0.118773
0.282461
0.538575
0.206497
0.302514
0.784548
1.00734
Ratio of collisions with the bath : 1
COMPUTED FREE ENERGY DIFFERENCE via 1 trials IS : 0.469515
EXPECTED 0.510826
ERROR -8.08709%
STD DEV of delta F values is 0
