0 0.714117 1.45998 2.75177
0.001 0.718489 1.45576 2.75158
0.002 0.722862 1.45159 2.75139
0.003 0.727237 1.44748 2.75119
0.004 0.73161 1.44343 2.75099
0.005 0.735982 1.43944 2.75078
0.006 0.740351 1.43551 2.75057
0.007 0.744715 1.43164 2.75035
0.008 0.749073 1.42784 2.75012
0.009 0.753424 1.4241 2.74989
0.01 0.757767 1.42043 2.74965
0.011 0.7621 1.41682 2.7494
0.012 0.766423 1.41328 2.74915
0.013 0.770733 1.40981 2.74889
0.014 0.775031 1.4064 2.74862
0.015 0.779314 1.40307 2.74834
0.016 0.783581 1.39982 2.74806
0.017 0.787832 1.39663 2.74777
0.018 0.792065 1.39352 2.74747
0.019 0.796279 1.39049 2.74716
0.02 0.800473 1.38753 2.74684
0.021 0.804645 1.38465 2.74652
0.022 0.808795 1.38184 2.74618
0.023 0.812921 1.37912 2.74584
0.024 0.817023 1.37647 2.74549
0.025 0.821098 1.37391 2.74513
0.026 0.825147 1.37143 2.74476
0.027 0.829169 1.36903 2.74438
0.028 0.833161 1.36671 2.74399
0.029 0.837123 1.36448 2.74359
0.03 0.841054 1.36234 2.74318
0.031 0.844954 1.36028 2.74276
0.032 0.84882 1.3583 2.74234
0.033 0.852652 1.35642 2.7419
0.034 0.85645 1.35462 2.74145
0.035 0.860211 1.35291 2.741
0.036 0.863936 1.35129 2.74053
0.037 0.867624 1.34976 2.74006
0.038 0.871272 1.34833 2.73958
0.039 0.874882 1.34698 2.73908
0.04 0.878451 1.34572 2.73858
0.041 0.881978 1.34456 2.73807
0.042 0.885464 1.34349 2.73755
0.043 0.888908 1.34252 2.73702
0.044 0.892307 1.34164 2.73648
0.045 0.895663 1.34085 2.73593
0.046 0.898973 1.34016 2.73538
0.047 0.902237 1.33956 2.73481
0.048 0.905456 1.33906 2.73424
0.049 0.908626 1.33866 2.73366
0.05 0.911749 1.33835 2.73307
0.051 0.914824 1.33814 2.73247
0.052 0.917849 1.33802 2.73187
0.053 0.920825 1.33801 2.73126
0.054 0.92375 1.33809 2.73064
0.055 0.926624 1.33827 2.73001
0.056 0.929447 1.33854 2.72938
0.057 0.932218 1.33892 2.72874
0.058 0.934936 1.33939 2.72809
0.059 0.937601 1.33996 2.72744
0.06 0.940213 1.34063 2.72679
0.061 0.94277 1.3414 2.72612
0.062 0.945274 1.34227 2.72546
0.063 0.947722 1.34323 2.72478
0.064 0.950115 1.3443 2.72411
0.065 0.952453 1.34546 2.72343
0.066 0.954734 1.34672 2.72274
0.067 0.95696 1.34808 2.72205
0.068 0.959129 1.34954 2.72136
0.069 0.96124 1.3511 2.72067
0.07 0.963295 1.35275 2.71998
0.071 0.965293 1.3545 2.71928
0.072 0.967232 1.35635 2.71858
0.073 0.969114 1.3583 2.71788
0.074 0.970938 1.36035 2.71718
0.075 0.972704 1.36249 2.71648
0.076 0.974412 1.36472 2.71578
0.077 0.976061 1.36706 2.71508
0.078 0.977651 1.36949 2.71439
0.079 0.979183 1.37201 2.71369
0.08 0.980657 1.37463 2.713
0.081 0.982072 1.37734 2.71231
0.082 0.983428 1.38015 2.71162
0.083 0.984725 1.38305 2.71094
0.084 0.985964 1.38605 2.71026
0.085 0.987144 1.38913 2.70958
0.086 0.988266 1.39231 2.70892
0.087 0.989329 1.39558 2.70825
0.088 0.990334 1.39894 2.7076
0.089 0.99128 1.40239 2.70695
0.09 0.992169 1.40593 2.70631
0.091 0.993 1.40956 2.70568
0.092 0.993773 1.41328 2.70505
0.093 0.994489 1.41708 2.70444
0.094 0.995148 1.42097 2.70383
0.095 0.995749 1.42494 2.70324
0.096 0.996294 1.42901 2.70266
0.097 0.996783 1.43315 2.70209
0.098 0.997216 1.43738 2.70153
0.099 0.997592 1.44169 2.70098
0.1 0.997914 1.44608 2.70045
0.101 0.998181 1.45055 2.69994
0.102 0.998393 1.4551 2.69944
0.103 0.99855 1.45974 2.69895
0.104 0.998655 1.46444 2.69848
0.105 0.998705 1.46923 2.69803
0.106 0.998703 1.47409 2.69759
0.107 0.998649 1.47903 2.69718
0.108 0.998543 1.48404 2.69678
0.109 0.998385 1.48912 2.69641
0.11 0.998177 1.49427 2.69605
0.111 0.997919 1.4995 2.69571
0.112 0.997611 1.50479 2.6954
0.113 0.997254 1.51016 2.69511
0.114 0.996848 1.51559 2.69484
0.115 0.996395 1.52108 2.6946
0.116 0.995894 1.52664 2.69438
0.117 0.995347 1.53227 2.69419
0.118 0.994754 1.53795 2.69402
0.119 0.994116 1.5437 2.69388
0.12 0.993434 1.54951 2.69376
0.121 0.992708 1.55538 2.69368
0.122 0.991938 1.5613 2.69362
0.123 0.991127 1.56728 2.69359
0.124 0.990274 1.57332 2.6936
0.125 0.98938 1.57941 2.69363
0.126 0.988446 1.58555 2.6937
0.127 0.987474 1.59174 2.6938
0.128 0.986463 1.59799 2.69393
0.129 0.985414 1.60428 2.69409
0.13 0.984329 1.61062 2.69429
0.131 0.983208 1.617 2.69453
0.132 0.982052 1.62343 2.6948
0.133 0.980862 1.6299 2.69511
0.134 0.979638 1.63642 2.69545
0.135 0.978383 1.64297 2.69583
0.136 0.977096 1.64956 2.69625
0.137 0.975779 1.65619 2.69671
0.138 0.974432 1.66286 2.69721
0.139 0.973056 1.66956 2.69775
0.14 0.971653 1.67629 2.69834
0.141 0.970223 1.68306 2.69896
0.142 0.968767 1.68985 2.69963
0.143 0.967287 1.69668 2.70034
0.144 0.965783 1.70353 2.70109
0.145 0.964256 1.71041 2.70189
0.146 0.962707 1.71731 2.70273
0.147 0.961138 1.72424 2.70362
0.148 0.959548 1.73118 2.70455
0.149 0.95794 1.73815 2.70554
0.15 0.956314 1.74514 2.70657
0.151 0.954671 1.75214 2.70764
0.152 0.953013 1.75916 2.70877
0.153 0.95134 1.76619 2.70995
0.154 0.949653 1.77324 2.71117
0.155 0.947954 1.7803 2.71245
0.156 0.946243 1.78736 2.71378
0.157 0.944521 1.79444 2.71515
0.158 0.94279 1.80152 2.71658
0.159 0.941051 1.80861 2.71807
0.16 0.939304 1.81571 2.7196
0.161 0.937552 1.8228 2.72119
0.162 0.935793 1.8299 2.72284
0.163 0.934031 1.837 2.72454
0.164 0.932266 1.84409 2.72629
0.165 0.930498 1.85118 2.7281
0.166 0.92873 1.85827 2.72997
0.167 0.926961 1.86535 2.73189
0.168 0.925194 1.87243 2.73387
0.169 0.923429 1.8795 2.7359
0.17 0.921667 1.88655 2.73799
0.171 0.91991 1.8936 2.74015
0.172 0.918158 1.90063 2.74236
0.173 0.916412 1.90765 2.74462
0.174 0.914674 1.91465 2.74695
0.175 0.912944 1.92164 2.74934
0.176 0.911224 1.92861 2.75178
0.177 0.909515 1.93556 2.75429
0.178 0.907817 1.94249 2.75686
0.179 0.906132 1.94939 2.75949
0.18 0.90446 1.95627 2.76217
0.181 0.902804 1.96313 2.76492
0.182 0.901163 1.96996 2.76773
0.183 0.899539 1.97677 2.77061
0.184 0.897932 1.98355 2.77354
0.185 0.896345 1.99029 2.77654
0.186 0.894777 1.99701 2.7796
0.187 0.89323 2.0037 2.78272
0.188 0.891704 2.01035 2.7859
0.189 0.890202 2.01696 2.78915
0.19 0.888723 2.02355 2.79246
0.191 0.887268 2.03009 2.79583
0.192 0.885839 2.0366 2.79926
0.193 0.884437 2.04307 2.80276
0.194 0.883062 2.0495 2.80632
0.195 0.881715 2.05588 2.80994
0.196 0.880398 2.06223 2.81363
0.197 0.879111 2.06853 2.81738
0.198 0.877855 2.07479 2.82119
0.199 0.87663 2.081 2.82507
0.2 0.875439 2.08717 2.82901
0.201 0.874281 2.09329 2.83301
0.202 0.873157 2.09937 2.83707
0.203 0.872069 2.10539 2.8412
0.204 0.871017 2.11136 2.84539
0.205 0.870002 2.11729 2.84964
0.206 0.869025 2.12316 2.85395
0.207 0.868086 2.12898 2.85833
0.208 0.867187 2.13474 2.86277
0.209 0.866327 2.14046 2.86727
0.21 0.865508 2.14611 2.87183
0.211 0.864731 2.15172 2.87645
0.212 0.863996 2.15726 2.88113
0.213 0.863304 2.16275 2.88588
0.214 0.862656 2.16818 2.89068
0.215 0.862052 2.17356 2.89555
0.216 0.861492 2.17887 2.90047
0.217 0.860979 2.18413 2.90545
0.218 0.860511 2.18932 2.9105
0.219 0.860091 2.19445 2.9156
0.22 0.859718 2.19953 2.92076
0.221 0.859393 2.20454 2.92597
0.222 0.859116 2.20948 2.93125
0.223 0.858889 2.21437 2.93658
0.224 0.858711 2.21919 2.94197
0.225 0.858583 2.22395 2.94741
0.226 0.858506 2.22864 2.95291
0.227 0.858481 2.23327 2.95846
0.228 0.858506 2.23784 2.96407
0.229 0.858584 2.24234 2.96973
0.23 0.858715 2.24677 2.97544
0.231 0.858898 2.25114 2.98121
0.232 0.859135 2.25544 2.98703
0.233 0.859425 2.25967 2.9929
0.234 0.85977 2.26384 2.99882
0.235 0.860169 2.26794 3.00479
0.236 0.860623 2.27198 3.01081
0.237 0.861132 2.27594 3.01688
0.238 0.861696 2.27984 3.023
0.239 0.862316 2.28368 3.02916
0.24 0.862991 2.28744 3.03537
0.241 0.863723 2.29114 3.04163
0.242 0.864511 2.29477 3.04793
0.243 0.865356 2.29833 3.05427
0.244 0.866258 2.30182 3.06066
0.245 0.867216 2.30525 3.06709
0.246 0.868232 2.30861 3.07356
0.247 0.869305 2.3119 3.08008
0.248 0.870435 2.31512 3.08663
0.249 0.871622 2.31828 3.09322
0.25 0.872867 2.32137 3.09985
0.251 0.87417 2.32439 3.10651
0.252 0.87553 2.32734 3.11322
0.253 0.876948 2.33023 3.11996
0.254 0.878424 2.33305 3.12673
0.255 0.879957 2.33581 3.13353
0.256 0.881547 2.3385 3.14037
0.257 0.883196 2.34112 3.14724
0.258 0.884901 2.34368 3.15414
0.259 0.886665 2.34618 3.16107
0.26 0.888485 2.34861 3.16802
0.261 0.890362 2.35097 3.17501
0.262 0.892297 2.35328 3.18202
0.263 0.894288 2.35552 3.18905
0.264 0.896337 2.35769 3.19611
0.265 0.898441 2.35981 3.2032
0.266 0.900602 2.36186 3.2103
0.267 0.902819 2.36385 3.21742
0.268 0.905092 2.36578 3.22457
0.269 0.90742 2.36765 3.23173
0.27 0.909804 2.36946 3.23891
0.271 0.912243 2.37121 3.24611
0.272 0.914736 2.37291 3.25332
0.273 0.917284 2.37454 3.26054
0.274 0.919885 2.37612 3.26778
0.275 0.922541 2.37764 3.27503
0.276 0.925249 2.37911 3.28229
0.277 0.928011 2.38052 3.28956
0.278 0.930824 2.38188 3.29683
0.279 0.93369 2.38318 3.30412
0.28 0.936608 2.38443 3.3114
0.281 0.939576 2.38563 3.31869
0.282 0.942596 2.38677 3.32599
0.283 0.945665 2.38787 3.33329
0.284 0.948784 2.38892 3.34058
0.285 0.951952 2.38991 3.34788
0.286 0.955169 2.39086 3.35517
0.287 0.958434 2.39177 3.36246
0.288 0.961746 2.39262 3.36975
0.289 0.965105 2.39343 3.37703
0.29 0.968511 2.3942 3.3843
0.291 0.971962 2.39492 3.39156
0.292 0.975459 2.3956 3.39882
0.293 0.979 2.39624 3.40606
0.294 0.982584 2.39684 3.41329
0.295 0.986212 2.3974 3.42051
0.296 0.989882 2.39792 3.42771
0.297 0.993595 2.3984 3.4349
0.298 0.997348 2.39884 3.44207
0.299 1.00114 2.39925 3.44922
0.3 1.00497 2.39963 3.45635
0.301 1.00885 2.39997 3.46346
0.302 1.01276 2.40028 3.47054
0.303 1.01671 2.40055 3.4776
0.304 1.02069 2.4008 3.48464
0.305 1.02471 2.40101 3.49165
0.306 1.02877 2.4012 3.49863
0.307 1.03286 2.40136 3.50559
0.308 1.03698 2.40149 3.51251
0.309 1.04114 2.4016 3.5194
0.31 1.04533 2.40168 3.52626
0.311 1.04955 2.40174 3.53308
0.312 1.0538 2.40178 3.53987
0.313 1.05807 2.4018 3.54662
0.314 1.06238 2.40179 3.55334
0.315 1.06672 2.40177 3.56001
0.316 1.07108 2.40173 3.56665
0.317 1.07547 2.40168 3.57324
0.318 1.07988 2.40161 3.57979
0.319 1.08432 2.40152 3.5863
0.32 1.08878 2.40142 3.59276
0.321 1.09326 2.40131 3.59917
0.322 1.09777 2.40119 3.60554
0.323 1.10229 2.40106 3.61186
0.324 1.10684 2.40092 3.61813
0.325 1.1114 2.40077 3.62435
0.326 1.11598 2.40061 3.63051
0.327 1.12058 2.40045 3.63662
0.328 1.1252 2.40029 3.64268
0.329 1.12983 2.40012 3.64868
0.33 1.13447 2.39995 3.65462
0.331 1.13913 2.39978 3.66051
0.332 1.14379 2.3996 3.66634
0.333 1.14847 2.39943 3.6721
0.334 1.15316 2.39927 3.67781
0.335 1.15786 2.3991 3.68345
0.336 1.16257 2.39894 3.68903
0.337 1.16729 2.39879 3.69455
0.338 1.17201 2.39864 3.7
0.339 1.17673 2.3985 3.70538
0.34 1.18147 2.39836 3.7107
0.341 1.1862 2.39824 3.71594
0.342 1.19094 2.39813 3.72112
0.343 1.19568 2.39803 3.72623
0.344 1.20042 2.39794 3.73127
0.345 1.20516 2.39786 3.73623
0.346 1.2099 2.3978 3.74113
0.347 1.21463 2.39776 3.74594
0.348 1.21936 2.39773 3.75069
0.349 1.22409 2.39772 3.75536
0.35 1.22882 2.39773 3.75995
0.351 1.23353 2.39775 3.76446
0.352 1.23825 2.3978 3.7689
0.353 1.24295 2.39787 3.77325
0.354 1.24764 2.39796 3.77753
0.355 1.25233 2.39807 3.78173
0.356 1.257 2.39821 3.78585
0.357 1.26166 2.39837 3.78988
0.358 1.26631 2.39856 3.79383
0.359 1.27095 2.39877 3.7977
0.36 1.27557 2.39901 3.80149
0.361 1.28018 2.39928 3.80519
0.362 1.28477 2.39958 3.8088
0.363 1.28934 2.3999 3.81233
0.364 1.2939 2.40026 3.81577
0.365 1.29844 2.40065 3.81913
0.366 1.30295 2.40107 3.8224
0.367 1.30745 2.40152 3.82558
0.368 1.31193 2.402 3.82868
0.369 1.31638 2.40252 3.83168
0.37 1.32081 2.40307 3.8346
0.371 1.32522 2.40366 3.83742
0.372 1.3296 2.40428 3.84016
0.373 1.33395 2.40494 3.8428
0.374 1.33828 2.40564 3.84536
0.375 1.34259 2.40637 3.84782
0.376 1.34686 2.40714 3.85019
0.377 1.35111 2.40795 3.85247
0.378 1.35533 2.4088 3.85466
0.379 1.35951 2.40969 3.85675
0.38 1.36367 2.41062 3.85876
0.381 1.36779 2.41158 3.86067
0.382 1.37188 2.41259 3.86248
0.383 1.37594 2.41364 3.86421
0.384 1.37997 2.41473 3.86584
0.385 1.38396 2.41586 3.86738
0.386 1.38791 2.41703 3.86882
0.387 1.39183 2.41825 3.87017
0.388 1.39572 2.41951 3.87143
0.389 1.39956 2.42081 3.87259
0.39 1.40337 2.42215 3.87366
0.391 1.40714 2.42354 3.87464
0.392 1.41087 2.42497 3.87552
0.393 1.41456 2.42644 3.87631
0.394 1.41821 2.42796 3.87701
0.395 1.42182 2.42952 3.87761
0.396 1.42539 2.43113 3.87812
0.397 1.42891 2.43278 3.87854
0.398 1.4324 2.43447 3.87886
0.399 1.43584 2.43621 3.87909
0.4 1.43923 2.438 3.87923
0.401 1.44259 2.43982 3.87928
0.402 1.44589 2.44169 3.87923
0.403 1.44916 2.44361 3.8791
0.404 1.45238 2.44557 3.87887
0.405 1.45555 2.44757 3.87855
0.406 1.45867 2.44962 3.87814
0.407 1.46175 2.45171 3.87764
0.408 1.46478 2.45385 3.87705
0.409 1.46777 2.45603 3.87638
0.41 1.4707 2.45825 3.87561
0.411 1.47359 2.46051 3.87475
0.412 1.47643 2.46282 3.87381
0.413 1.47922 2.46517 3.87278
0.414 1.48196 2.46756 3.87166
0.415 1.48465 2.46999 3.87046
0.416 1.48729 2.47247 3.86917
0.417 1.48989 2.47499 3.8678
0.418 1.49243 2.47754 3.86634
0.419 1.49492 2.48014 3.86479
0.42 1.49736 2.48278 3.86317
0.421 1.49974 2.48546 3.86146
0.422 1.50208 2.48817 3.85967
0.423 1.50436 2.49093 3.8578
0.424 1.5066 2.49372 3.85585
0.425 1.50878 2.49655 3.85382
0.426 1.51091 2.49942 3.85171
0.427 1.51298 2.50232 3.84953
0.428 1.51501 2.50526 3.84726
0.429 1.51698 2.50823 3.84492
0.43 1.5189 2.51124 3.84251
0.431 1.52076 2.51428 3.84002
0.432 1.52258 2.51736 3.83745
0.433 1.52434 2.52047 3.83482
0.434 1.52605 2.52361 3.83211
0.435 1.5277 2.52678 3.82933
0.436 1.52931 2.52998 3.82648
0.437 1.53086 2.53321 3.82357
0.438 1.53235 2.53647 3.82058
0.439 1.5338 2.53976 3.81753
0.44 1.53519 2.54308 3.81442
0.441 1.53653 2.54642 3.81123
0.442 1.53781 2.54979 3.80799
0.443 1.53904 2.55318 3.80468
0.444 1.54023 2.55659 3.80131
0.445 1.54135 2.56003 3.79788
0.446 1.54243 2.56349 3.7944
0.447 1.54345 2.56697 3.79085
0.448 1.54443 2.57048 3.78725
0.449 1.54535 2.574 3.78359
0.45 1.54621 2.57753 3.77988
0.451 1.54703 2.58109 3.77611
0.452 1.5478 2.58466 3.77229
0.453 1.54851 2.58825 3.76842
0.454 1.54917 2.59185 3.7645
0.455 1.54979 2.59546 3.76054
0.456 1.55035 2.59909 3.75652
0.457 1.55086 2.60273 3.75246
0.458 1.55133 2.60637 3.74836
0.459 1.55174 2.61003 3.74421
0.46 1.5521 2.61369 3.74002
0.461 1.55242 2.61736 3.73579
0.462 1.55268 2.62103 3.73152
0.463 1.5529 2.62471 3.72721
0.464 1.55307 2.62839 3.72286
0.465 1.55319 2.63208 3.71848
0.466 1.55326 2.63576 3.71407
0.467 1.55329 2.63945 3.70962
0.468 1.55327 2.64313 3.70514
0.469 1.55321 2.64681 3.70064
0.47 1.55309 2.65048 3.6961
0.471 1.55294 2.65416 3.69154
0.472 1.55273 2.65782 3.68695
0.473 1.55249 2.66148 3.68233
0.474 1.55219 2.66512 3.67769
0.475 1.55186 2.66876 3.67304
0.476 1.55148 2.67239 3.66836
0.477 1.55106 2.676 3.66366
0.478 1.55059 2.6796 3.65894
0.479 1.55008 2.68319 3.65421
0.48 1.54953 2.68676 3.64946
0.481 1.54894 2.69031 3.6447
0.482 1.54831 2.69384 3.63993
0.483 1.54764 2.69735 3.63515
0.484 1.54693 2.70085 3.63036
0.485 1.54618 2.70431 3.62556
0.486 1.54539 2.70776 3.62075
0.487 1.54456 2.71118 3.61595
0.488 1.5437 2.71458 3.61113
0.489 1.5428 2.71794 3.60632
0.49 1.54186 2.72128 3.6015
0.491 1.54088 2.72459 3.59669
0.492 1.53987 2.72787 3.59187
0.493 1.53883 2.73111 3.58706
0.494 1.53774 2.73432 3.58226
0.495 1.53663 2.7375 3.57746
0.496 1.53548 2.74064 3.57267
0.497 1.5343 2.74374 3.56789
0.498 1.53308 2.74681 3.56312
0.499 1.53184 2.74983 3.55836
0.5 1.53056 2.75282 3.55361
0.501 1.52925 2.75576 3.54888
0.502 1.52791 2.75866 3.54417
0.503 1.52655 2.76151 3.53947
0.504 1.52515 2.76432 3.53479
0.505 1.52372 2.76708 3.53013
0.506 1.52227 2.76979 3.52549
0.507 1.52079 2.77246 3.52087
0.508 1.51928 2.77507 3.51628
0.509 1.51774 2.77763 3.51171
0.51 1.51618 2.78014 3.50717
0.511 1.5146 2.7826 3.50266
0.512 1.51299 2.785 3.49817
0.513 1.51135 2.78734 3.49372
0.514 1.50969 2.78963 3.48929
0.515 1.50801 2.79186 3.4849
0.516 1.50631 2.79403 3.48054
0.517 1.50458 2.79615 3.47622
0.518 1.50284 2.7982 3.47193
0.519 1.50107 2.80018 3.46768
0.52 1.49928 2.80211 3.46347
0.521 1.49747 2.80397 3.4593
0.522 1.49565 2.80576 3.45517
0.523 1.4938 2.80749 3.45108
0.524 1.49194 2.80916 3.44703
0.525 1.49006 2.81075 3.44303
0.526 1.48816 2.81227 3.43907
0.527 1.48625 2.81373 3.43516
0.528 1.48432 2.81512 3.43129
0.529 1.48237 2.81643 3.42748
0.53 1.48041 2.81767 3.42371
0.531 1.47844 2.81884 3.41999
0.532 1.47645 2.81993 3.41632
0.533 1.47445 2.82095 3.41271
0.534 1.47244 2.8219 3.40915
0.535 1.47041 2.82277 3.40564
0.536 1.46837 2.82356 3.40218
0.537 1.46632 2.82427 3.39878
0.538 1.46426 2.8249 3.39544
0.539 1.46219 2.82546 3.39216
0.54 1.46011 2.82594 3.38893
0.541 1.45802 2.82633 3.38576
0.542 1.45592 2.82665 3.38265
0.543 1.45381 2.82688 3.3796
0.544 1.4517 2.82703 3.37662
0.545 1.44958 2.8271 3.37369
0.546 1.44744 2.82709 3.37083
0.547 1.44531 2.82699 3.36803
0.548 1.44316 2.82681 3.36529
0.549 1.44101 2.82654 3.36262
0.55 1.43886 2.82619 3.36001
0.551 1.4367 2.82576 3.35747
0.552 1.43453 2.82523 3.35499
0.553 1.43237 2.82462 3.35258
0.554 1.43019 2.82393 3.35024
0.555 1.42801 2.82315 3.34797
0.556 1.42583 2.82228 3.34576
0.557 1.42365 2.82132 3.34362
0.558 1.42147 2.82028 3.34155
0.559 1.41928 2.81915 3.33956
0.56 1.41709 2.81793 3.33763
0.561 1.4149 2.81662 3.33577
0.562 1.4127 2.81523 3.33398
0.563 1.41051 2.81374 3.33226
0.564 1.40831 2.81217 3.33062
0.565 1.40612 2.81051 3.32904
0.566 1.40392 2.80876 3.32754
0.567 1.40173 2.80692 3.32611
0.568 1.39953 2.805 3.32475
0.569 1.39734 2.80298 3.32346
0.57 1.39515 2.80088 3.32225
0.571 1.39295 2.79869 3.32111
0.572 1.39076 2.79641 3.32004
0.573 1.38857 2.79404 3.31904
0.574 1.38638 2.79158 3.31812
0.575 1.3842 2.78904 3.31727
0.576 1.38201 2.7864 3.31649
0.577 1.37983 2.78368 3.31579
0.578 1.37765 2.78088 3.31515
0.579 1.37548 2.77798 3.31459
0.58 1.3733 2.775 3.31411
0.581 1.37113 2.77194 3.3137
0.582 1.36896 2.76878 3.31335
0.583 1.3668 2.76555 3.31309
0.584 1.36464 2.76222 3.31289
0.585 1.36248 2.75881 3.31276
0.586 1.36032 2.75532 3.31271
0.587 1.35817 2.75175 3.31273
0.588 1.35602 2.74809 3.31282
0.589 1.35388 2.74435 3.31298
0.59 1.35174 2.74052 3.31321
0.591 1.3496 2.73662 3.31352
0.592 1.34746 2.73263 3.31389
0.593 1.34533 2.72856 3.31433
0.594 1.34321 2.72442 3.31484
0.595 1.34109 2.72019 3.31542
0.596 1.33897 2.71589 3.31607
0.597 1.33685 2.7115 3.31678
0.598 1.33474 2.70705 3.31757
0.599 1.33263 2.70251 3.31842
0.6 1.33053 2.6979 3.31934
0.601 1.32843 2.69321 3.32032
0.602 1.32634 2.68846 3.32137
0.603 1.32424 2.68362 3.32248
0.604 1.32215 2.67872 3.32366
0.605 1.32007 2.67375 3.3249
0.606 1.31799 2.6687 3.3262
0.607 1.31591 2.66359 3.32757
0.608 1.31383 2.6584 3.32899
0.609 1.31176 2.65315 3.33048
0.61 1.30969 2.64784 3.33203
0.611 1.30762 2.64245 3.33363
0.612 1.30556 2.63701 3.3353
0.613 1.3035 2.6315 3.33702
0.614 1.30144 2.62593 3.3388
0.615 1.29938 2.62029 3.34064
0.616 1.29733 2.6146 3.34253
0.617 1.29527 2.60885 3.34448
0.618 1.29322 2.60304 3.34648
0.619 1.29117 2.59717 3.34853
0.62 1.28913 2.59125 3.35064
0.621 1.28708 2.58527 3.35279
0.622 1.28503 2.57924 3.355
0.623 1.28299 2.57316 3.35725
0.624 1.28095 2.56703 3.35956
0.625 1.2789 2.56085 3.36191
0.626 1.27686 2.55462 3.3643
0.627 1.27482 2.54834 3.36674
0.628 1.27277 2.54202 3.36923
0.629 1.27073 2.53566 3.37176
0.63 1.26869 2.52925 3.37433
0.631 1.26664 2.5228 3.37694
0.632 1.2646 2.51631 3.37959
0.633 1.26255 2.50978 3.38228
0.634 1.2605 2.50321 3.38501
0.635 1.25845 2.49661 3.38778
0.636 1.2564 2.48997 3.39058
0.637 1.25435 2.4833 3.39341
0.638 1.25229 2.4766 3.39628
0.639 1.25023 2.46986 3.39918
0.64 1.24817 2.4631 3.40211
0.641 1.2461 2.45631 3.40507
0.642 1.24403 2.4495 3.40806
0.643 1.24196 2.44266 3.41108
0.644 1.23988 2.43579 3.41412
0.645 1.2378 2.42891 3.41719
0.646 1.23571 2.422 3.42029
0.647 1.23362 2.41507 3.4234
0.648 1.23152 2.40813 3.42654
0.649 1.22942 2.40118 3.4297
0.65 1.22731 2.3942 3.43287
0.651 1.22519 2.38722 3.43607
0.652 1.22307 2.38022 3.43928
0.653 1.22095 2.37322 3.4425
0.654 1.21881 2.3662 3.44574
0.655 1.21667 2.35918 3.44899
0.656 1.21452 2.35215 3.45226
0.657 1.21237 2.34512 3.45553
0.658 1.2102 2.33809 3.45882
0.659 1.20803 2.33106 3.46211
0.66 1.20585 2.32403 3.46541
0.661 1.20366 2.317 3.46871
0.662 1.20146 2.30997 3.47202
0.663 1.19925 2.30295 3.47533
0.664 1.19703 2.29593 3.47864
0.665 1.19481 2.28893 3.48195
0.666 1.19257 2.28193 3.48526
0.667 1.19032 2.27495 3.48857
0.668 1.18806 2.26798 3.49187
0.669 1.18579 2.26102 3.49517
0.67 1.18351 2.25408 3.49847
0.671 1.18122 2.24716 3.50175
0.672 1.17892 2.24025 3.50503
0.673 1.1766 2.23337 3.5083
0.674 1.17427 2.2265 3.51156
0.675 1.17194 2.21966 3.5148
0.676 1.16958 2.21285 3.51803
0.677 1.16722 2.20606 3.52125
0.678 1.16484 2.1993 3.52445
0.679 1.16245 2.19257 3.52763
0.68 1.16005 2.18587 3.5308
0.681 1.15763 2.1792 3.53394
0.682 1.1552 2.17256 3.53707
0.683 1.15276 2.16596 3.54017
0.684 1.1503 2.15939 3.54325
0.685 1.14783 2.15287 3.5463
0.686 1.14534 2.14638 3.54933
0.687 1.14284 2.13993 3.55234
0.688 1.14033 2.13352 3.55531
0.689 1.13779 2.12716 3.55826
0.69 1.13525 2.12084 3.56117
0.691 1.13269 2.11456 3.56406
0.692 1.13011 2.10833 3.56691
0.693 1.12752 2.10215 3.56973
0.694 1.12492 2.09602 3.57251
0.695 1.1223 2.08994 3.57526
0.696 1.11966 2.08392 3.57797
0.697 1.11701 2.07794 3.58065
0.698 1.11434 2.07202 3.58328
0.699 1.11166 2.06615 3.58588
0.7 1.10896 2.06034 3.58843
0.701 1.10625 2.05459 3.59095
0.702 1.10351 2.0489 3.59342
0.703 1.10077 2.04327 3.59585
0.704 1.09801 2.03769 3.59823
0.705 1.09523 2.03219 3.60057
0.706 1.09243 2.02674 3.60286
0.707 1.08962 2.02136 3.6051
0.708 1.0868 2.01604 3.6073
0.709 1.08396 2.01079 3.60944
0.71 1.0811 2.0056 3.61154
0.711 1.07823 2.00049 3.61358
0.712 1.07534 1.99544 3.61558
0.713 1.07244 1.99046 3.61752
0.714 1.06952 1.98556 3.61941
0.715 1.06658 1.98072 3.62124
0.716 1.06363 1.97596 3.62302
0.717 1.06067 1.97128 3.62474
0.718 1.05769 1.96666 3.62641
0.719 1.05469 1.96212 3.62802
0.72 1.05169 1.95766 3.62958
0.721 1.04866 1.95327 3.63107
0.722 1.04562 1.94897 3.63251
0.723 1.04257 1.94474 3.63389
0.724 1.0395 1.94058 3.6352
0.725 1.03642 1.93651 3.63646
0.726 1.03333 1.93252 3.63765
0.727 1.03022 1.92861 3.63879
0.728 1.0271 1.92478 3.63986
0.729 1.02397 1.92103 3.64087
0.73 1.02082 1.91736 3.64181
0.731 1.01766 1.91377 3.64269
0.732 1.01449 1.91027 3.64351
0.733 1.01131 1.90686 3.64426
0.734 1.00811 1.90352 3.64495
0.735 1.00491 1.90028 3.64557
0.736 1.00169 1.89711 3.64613
0.737 0.998464 1.89403 3.64662
0.738 0.995227 1.89104 3.64705
0.739 0.991979 1.88814 3.6474
0.74 0.988722 1.88532 3.6477
0.741 0.985456 1.88258 3.64792
0.742 0.982181 1.87994 3.64808
0.743 0.978897 1.87738 3.64817
0.744 0.975605 1.8749 3.64819
0.745 0.972306 1.87252 3.64814
0.746 0.969 1.87022 3.64803
0.747 0.965687 1.86801 3.64785
0.748 0.962367 1.86589 3.6476
0.749 0.959042 1.86386 3.64728
0.75 0.955711 1.86191 3.64689
0.751 0.952375 1.86005 3.64644
0.752 0.949035 1.85828 3.64591
0.753 0.945691 1.8566 3.64532
0.754 0.942343 1.855 3.64466
0.755 0.938992 1.8535 3.64394
0.756 0.935639 1.85208 3.64314
0.757 0.932284 1.85075 3.64228
0.758 0.928927 1.8495 3.64135
0.759 0.92557 1.84834 3.64035
0.76 0.922213 1.84727 3.63928
0.761 0.918855 1.84629 3.63815
0.762 0.915499 1.84539 3.63695
0.763 0.912144 1.84458 3.63568
0.764 0.908791 1.84385 3.63435
0.765 0.905441 1.84321 3.63295
0.766 0.902094 1.84266 3.63149
0.767 0.89875 1.84219 3.62996
0.768 0.895412 1.8418 3.62836
0.769 0.892078 1.8415 3.6267
0.77 0.88875 1.84128 3.62497
0.771 0.885428 1.84115 3.62319
0.772 0.882114 1.8411 3.62133
0.773 0.878807 1.84113 3.61942
0.774 0.875509 1.84124 3.61744
0.775 0.872219 1.84143 3.6154
0.776 0.868939 1.8417 3.6133
0.777 0.86567 1.84206 3.61114
0.778 0.862412 1.84249 3.60892
0.779 0.859165 1.843 3.60663
0.78 0.855931 1.84359 3.60429
0.781 0.85271 1.84426 3.60189
0.782 0.849503 1.845 3.59943
0.783 0.846311 1.84582 3.59692
0.784 0.843133 1.84671 3.59435
0.785 0.839972 1.84768 3.59172
0.786 0.836828 1.84872 3.58904
0.787 0.833701 1.84983 3.5863
0.788 0.830593 1.85102 3.58351
0.789 0.827503 1.85228 3.58067
0.79 0.824433 1.85361 3.57777
0.791 0.821384 1.85501 3.57482
0.792 0.818356 1.85647 3.57183
0.793 0.81535 1.85801 3.56878
0.794 0.812366 1.85961 3.56568
0.795 0.809406 1.86127 3.56254
0.796 0.806471 1.86301 3.55935
0.797 0.80356 1.8648 3.55611
0.798 0.800675 1.86666 3.55283
0.799 0.797817 1.86858 3.54951
0.8 0.794986 1.87056 3.54614
0.801 0.792183 1.8726 3.54273
0.802 0.789408 1.8747 3.53928
0.803 0.786664 1.87686 3.53578
0.804 0.783949 1.87908 3.53225
0.805 0.781266 1.88135 3.52868
0.806 0.778615 1.88368 3.52507
0.807 0.775996 1.88606 3.52143
0.808 0.773411 1.88849 3.51775
0.809 0.77086 1.89097 3.51404
0.81 0.768344 1.89351 3.5103
0.811 0.765864 1.89609 3.50652
0.812 0.76342 1.89872 3.50271
0.813 0.761013 1.9014 3.49888
0.814 0.758644 1.90412 3.49501
0.815 0.756314 1.90689 3.49112
0.816 0.754023 1.9097 3.4872
0.817 0.751772 1.91256 3.48326
0.818 0.749563 1.91545 3.47929
0.819 0.747394 1.91838 3.4753
0.82 0.745269 1.92136 3.47129
0.821 0.743186 1.92437 3.46726
0.822 0.741147 1.92741 3.46321
0.823 0.739153 1.9305 3.45914
0.824 0.737204 1.93361 3.45505
0.825 0.735301 1.93676 3.45095
0.826 0.733444 1.93994 3.44684
0.827 0.731635 1.94315 3.44271
0.828 0.729874 1.94639 3.43857
0.829 0.728161 1.94965 3.43443
0.83 0.726498 1.95294 3.43027
0.831 0.724884 1.95626 3.4261
0.832 0.723322 1.9596 3.42193
0.833 0.72181 1.96296 3.41775
0.834 0.720351 1.96635 3.41357
0.835 0.718944 1.96975 3.40939
0.836 0.717591 1.97318 3.4052
0.837 0.716291 1.97662 3.40102
0.838 0.715045 1.98008 3.39683
0.839 0.713855 1.98355 3.39265
0.84 0.71272 1.98704 3.38847
0.841 0.711641 1.99054 3.3843
0.842 0.710619 1.99405 3.38013
0.843 0.709655 1.99757 3.37597
0.844 0.708748 2.0011 3.37182
0.845 0.707899 2.00464 3.36768
0.846 0.70711 2.00818 3.36355
0.847 0.706379 2.01173 3.35943
0.848 0.705709 2.01529 3.35533
0.849 0.705099 2.01885 3.35124
0.85 0.70455 2.02241 3.34717
0.851 0.704062 2.02597 3.34312
0.852 0.703636 2.02953 3.33908
0.853 0.703273 2.03308 3.33507
0.854 0.702971 2.03664 3.33108
0.855 0.702733 2.04019 3.32711
0.856 0.702559 2.04374 3.32316
0.857 0.702448 2.04728 3.31924
0.858 0.702402 2.05081 3.31535
0.859 0.70242 2.05433 3.31148
0.86 0.702503 2.05785 3.30764
0.861 0.702651 2.06135 3.30384
0.862 0.702865 2.06485 3.30006
0.863 0.703145 2.06833 3.29632
0.864 0.703491 2.07179 3.29261
0.865 0.703904 2.07525 3.28893
0.866 0.704383 2.07868 3.2853
0.867 0.70493 2.0821 3.2817
0.868 0.705543 2.0855 3.27813
0.869 0.706224 2.08888 3.27461
0.87 0.706973 2.09225 3.27113
0.871 0.707789 2.09559 3.26769
0.872 0.708674 2.09891 3.26429
0.873 0.709626 2.10221 3.26094
0.874 0.710647 2.10548 3.25763
0.875 0.711737 2.10873 3.25437
0.876 0.712895 2.11196 3.25116
0.877 0.714121 2.11516 3.24799
0.878 0.715416 2.11833 3.24488
0.879 0.71678 2.12148 3.24182
0.88 0.718213 2.12459 3.2388
0.881 0.719714 2.12768 3.23584
0.882 0.721285 2.13074 3.23294
0.883 0.722924 2.13377 3.23008
0.884 0.724632 2.13676 3.22729
0.885 0.726409 2.13972 3.22455
0.886 0.728254 2.14265 3.22186
0.887 0.730168 2.14555 3.21924
0.888 0.732151 2.14841 3.21668
0.889 0.734202 2.15124 3.21417
0.89 0.736321 2.15403 3.21173
0.891 0.738508 2.15679 3.20935
0.892 0.740763 2.15951 3.20703
0.893 0.743087 2.16219 3.20478
0.894 0.745477 2.16484 3.20259
0.895 0.747936 2.16744 3.20046
0.896 0.750461 2.17001 3.1984
0.897 0.753053 2.17254 3.19641
0.898 0.755712 2.17503 3.19449
0.899 0.758437 2.17748 3.19263
0.9 0.761228 2.17989 3.19084
0.901 0.764085 2.18226 3.18913
0.902 0.767008 2.18459 3.18748
0.903 0.769995 2.18687 3.1859
0.904 0.773047 2.18911 3.1844
0.905 0.776164 2.19132 3.18297
0.906 0.779344 2.19348 3.18161
0.907 0.782588 2.19559 3.18033
0.908 0.785895 2.19767 3.17912
0.909 0.789265 2.1997 3.17798
0.91 0.792696 2.20169 3.17692
0.911 0.796189 2.20363 3.17594
0.912 0.799744 2.20553 3.17503
0.913 0.803359 2.20739 3.17419
0.914 0.807034 2.2092 3.17344
0.915 0.810768 2.21097 3.17276
0.916 0.814562 2.2127 3.17216
0.917 0.818414 2.21438 3.17164
0.918 0.822323 2.21602 3.1712
0.919 0.82629 2.21761 3.17084
0.92 0.830313 2.21916 3.17055
0.921 0.834392 2.22067 3.17035
0.922 0.838526 2.22213 3.17023
0.923 0.842715 2.22355 3.17018
0.924 0.846958 2.22493 3.17022
0.925 0.851254 2.22626 3.17034
0.926 0.855602 2.22755 3.17054
0.927 0.860001 2.2288 3.17082
0.928 0.864452 2.23 3.17118
0.929 0.868953 2.23117 3.17162
0.93 0.873503 2.23229 3.17215
0.931 0.878101 2.23336 3.17275
0.932 0.882747 2.2344 3.17344
0.933 0.887441 2.23539 3.17421
0.934 0.89218 2.23635 3.17506
0.935 0.896964 2.23726 3.176
0.936 0.901793 2.23814 3.17701
0.937 0.906665 2.23897 3.17811
0.938 0.91158 2.23976 3.17929
0.939 0.916536 2.24052 3.18055
0.94 0.921534 2.24124 3.1819
0.941 0.926571 2.24191 3.18332
0.942 0.931646 2.24256 3.18483
0.943 0.93676 2.24316 3.18642
0.944 0.941911 2.24373 3.18809
0.945 0.947098 2.24426 3.18984
0.946 0.952319 2.24476 3.19167
0.947 0.957575 2.24522 3.19358
0.948 0.962864 2.24565 3.19558
0.949 0.968185 2.24605 3.19765
0.95 0.973536 2.24641 3.1998
0.951 0.978918 2.24674 3.20203
0.952 0.984329 2.24704 3.20435
0.953 0.989767 2.24731 3.20674
0.954 0.995232 2.24755 3.20921
0.955 1.00072 2.24776 3.21175
0.956 1.00624 2.24794 3.21438
0.957 1.01178 2.2481 3.21708
0.958 1.01734 2.24823 3.21986
0.959 1.02292 2.24833 3.22272
0.96 1.02853 2.24841 3.22565
0.961 1.03415 2.24846 3.22866
0.962 1.03979 2.24849 3.23174
0.963 1.04544 2.2485 3.2349
0.964 1.05112 2.24848 3.23814
0.965 1.05681 2.24844 3.24144
0.966 1.06251 2.24839 3.24482
0.967 1.06822 2.24831 3.24827
0.968 1.07394 2.24822 3.2518
0.969 1.07968 2.24811 3.25539
0.97 1.08542 2.24799 3.25906
0.971 1.09117 2.24785 3.26279
0.972 1.09693 2.24769 3.26659
0.973 1.10269 2.24752 3.27047
0.974 1.10846 2.24734 3.27441
0.975 1.11423 2.24715 3.27842
0.976 1.12 2.24695 3.28249
0.977 1.12578 2.24674 3.28663
0.978 1.13155 2.24652 3.29084
0.979 1.13732 2.24629 3.29511
0.98 1.14309 2.24606 3.29944
0.981 1.14885 2.24582 3.30383
0.982 1.15461 2.24558 3.30829
0.983 1.16036 2.24534 3.31281
0.984 1.16611 2.24509 3.31739
0.985 1.17184 2.24485 3.32203
0.986 1.17757 2.2446 3.32672
0.987 1.18329 2.24436 3.33148
0.988 1.18899 2.24412 3.33629
0.989 1.19468 2.24388 3.34116
0.99 1.20035 2.24365 3.34608
0.991 1.20601 2.24342 3.35105
0.992 1.21166 2.2432 3.35608
0.993 1.21728 2.24299 3.36117
0.994 1.22289 2.24278 3.3663
0.995 1.22847 2.24259 3.37148
0.996 1.23403 2.24241 3.37671
0.997 1.23957 2.24224 3.38199
0.998 1.24509 2.24209 3.38732
0.999 1.25058 2.24195 3.3927
1 1.25605 2.24182 3.39812
