1.19031
1.11718
1.11202
1.1447
1.10179
1.10282
1.15445
1.13813
1.07793
1.1284
1.13622
1.09796
1.15708
1.20427
1.20903
1.12001
1.15092
1.10539
1.13002
1.1165
1.12976
1.11206
1.19273
1.11952
1.08695
1.1247
1.08445
1.0878
1.09436
1.13764
1.11536
1.09508
1.13891
1.19442
1.14864
1.18973
1.11338
1.05297
1.13445
1.09187
1.1383
1.17124
1.18194
1.12241
1.13017
1.07808
1.10984
1.12436
1.14763
1.13504
1.10909
1.07364
1.1675
1.15587
1.18887
1.10512
1.18974
1.11214
1.10043
1.12691
1.0978
1.13756
1.17535
1.15852
1.16745
1.14314
1.11351
1.13316
1.11894
1.14453
1.13425
1.14358
1.2071
1.11942
1.12371
1.17923
1.16511
1.19971
1.15516
1.15401
1.13424
1.01359
1.19352
1.13399
1.23025
1.12151
1.19436
1.06592
1.12286
1.07658
1.12315
1.13709
1.16897
1.16211
1.12026
1.14989
1.27508
1.08659
1.17951
1.12033
1.17764
1.13919
1.12698
1.13273
1.17013
1.12064
1.18728
1.16804
1.12997
1.14087
1.0901
1.08649
1.1382
1.12832
1.1457
1.1625
1.09102
1.1328
1.15481
1.13246
1.16773
1.1756
1.13711
1.15182
1.09342
1.12226
1.03099
1.14223
1.17054
1.11351
1.16518
1.17369
1.16478
1.10418
1.07799
1.09213
1.22606
1.15158
1.16104
1.12607
1.07418
1.16164
1.11672
1.11098
1.18712
1.16491
1.10747
1.08421
1.15581
1.12264
1.1529
1.14635
1.10762
1.12039
1.1594
1.18811
1.18846
1.16936
1.14481
1.10163
1.11115
1.14677
1.1234
1.09596
1.14903
1.15273
1.09908
1.14144
1.13858
1.11284
1.12225
1.09032
1.11197
1.11533
1.07722
1.15288
1.10632
1.13258
1.20007
1.13819
1.14366
1.12621
1.16357
1.15636
1.11466
1.13897
1.16346
1.09431
1.12942
1.13875
1.11771
1.12716
1.11216
1.11826
1.18407
1.18117
1.09442
1.09031
1.08422
1.18197
1.09373
1.15441
1.12283
1.1606
1.13129
1.10075
1.12623
1.13513
1.16122
1.14327
1.13564
1.15698
1.16876
1.18043
1.06088
1.14222
1.21807
1.17056
1.10993
1.16331
1.15903
1.07265
1.00824
1.14445
1.14011
1.15431
1.14945
1.10028
1.10331
1.11282
1.08415
1.08849
1.18684
1.072
1.07999
1.2166
1.114
1.11828
1.19243
1.13098
1.13354
1.17166
1.0989
1.12005
1.16797
1.14791
1.20255
1.11559
1.14011
1.11085
1.1081
1.13154
1.16663
1.10318
1.11952
1.12619
1.10644
1.11584
1.15227
1.08464
1.12944
1.07292
1.09183
1.15307
1.09606
1.12745
1.14323
1.15304
1.16395
1.17332
1.11013
1.15616
1.18101
1.1084
1.03798
1.16183
1.15858
1.14193
1.16161
1.1012
1.0896
1.15469
1.17751
1.14057
1.10832
1.14014
1.13263
1.06549
1.18731
1.17404
1.08955
1.1975
1.17879
1.17898
1.08008
1.07674
1.10099
1.16829
1.17347
1.09585
1.11673
1.10261
1.16878
1.1237
1.13469
1.11617
1.14726
1.10174
1.08609
1.17379
1.13868
1.05001
1.18736
1.12362
1.16556
1.06211
1.08626
1.14347
1.11291
1.0801
1.0791
1.15595
1.13588
1.11429
1.07535
1.09452
1.18337
1.04416
1.09698
1.18939
1.11466
1.17132
1.0569
1.19973
1.1097
1.14151
1.19405
1.12311
1.12337
1.1506
1.11086
1.07152
1.18914
1.17771
1.10947
1.15371
1.12575
1.14299
1.14108
1.17175
1.1935
0.993916
1.08931
1.17169
1.136
1.14748
1.07623
1.14217
1.14879
1.13784
1.14094
1.1429
1.16224
1.17703
1.12602
1.15
1.13588
1.10291
1.10306
1.07549
1.1032
1.11023
1.13193
1.12238
1.05521
1.15747
1.06141
1.08461
1.08322
1.1908
1.11128
1.15921
1.08244
1.16839
1.10475
1.07587
1.08266
1.09098
1.13665
1.16548
1.106
1.17831
1.20229
1.05629
1.07761
1.07848
1.11034
1.06713
1.06388
1.14816
1.10784
1.11494
1.15676
1.07804
1.14361
1.13938
1.1889
1.08069
1.16972
1.15084
1.11939
1.12731
1.14746
1.10645
1.14161
1.11811
1.18353
1.09363
1.07041
1.18702
1.11767
1.08737
1.07098
1.12396
1.15553
1.12391
1.15387
1.09401
1.11707
1.20126
1.13805
1.12466
1.11062
1.0836
1.11418
1.17678
1.15821
1.0063
1.14885
1.13087
1.16572
1.09701
1.13653
1.09282
1.14816
1.16541
1.14706
1.12616
1.12267
1.13302
1.11896
1.15344
1.12608
1.13801
1.07225
1.10988
1.12481
1.13226
1.17914
1.10405
1.12532
1.19551
1.06148
1.20961
1.1279
1.06516
1.09988
1.13808
1.15876
1.23994
1.14064
1.1635
1.14036
1.17258
1.14302
1.17045
1.16487
1.15486
1.13156
1.15352
1.14755
1.05943
1.10431
1.13941
1.11904
1.13241
1.23493
1.09456
1.11375
1.13812
1.10586
1.08555
1.05219
1.12111
1.13846
1.12937
1.16049
1.1753
1.09673
1.08323
1.14005
1.14034
1.07869
1.20897
1.14093
1.08864
1.16272
1.18143
1.12688
1.20125
1.15555
1.15316
1.11224
1.0705
1.22258
1.08298
1.07273
1.17865
1.11912
1.17122
1.12529
1.08026
1.14849
1.2004
1.0904
1.11468
1.08851
1.13851
1.0811
1.08948
1.1377
1.10804
1.14031
1.0631
1.17099
1.17777
1.11204
1.155
1.19363
1.16976
1.12623
1.13931
1.0855
1.1663
1.15104
1.11582
1.11771
1.16496
1.12527
1.12563
1.10833
1.12265
1.12753
1.12765
1.15397
1.13637
1.15535
1.12312
1.12622
1.10856
1.11424
1.14841
1.14772
1.11666
1.13134
1.05422
1.15087
1.15041
1.12514
1.10274
1.15176
1.14842
1.10386
1.13018
1.18384
1.19061
1.18195
1.14579
1.13785
1.08955
1.10919
1.14798
1.15744
1.13453
1.1834
1.17622
1.11219
1.11936
1.07381
1.09544
1.17047
1.16291
1.12403
1.1406
1.19112
1.13115
1.14776
1.11123
1.13939
1.14491
1.14653
1.14466
1.0994
1.18928
1.1439
1.13503
1.1386
1.03779
1.1679
1.13266
1.14971
1.09599
1.091
1.19509
1.03199
1.08476
1.17302
1.12534
1.19499
1.13826
1.0674
1.12241
1.04003
1.13653
1.15664
1.06233
1.1653
1.11233
1.08343
1.10362
1.15809
1.20938
1.18315
1.1118
1.11835
1.14626
1.19573
1.10763
1.14746
0.990748
1.19582
1.11858
1.19371
1.08693
1.08635
1.12314
1.12414
1.19367
1.07225
1.12847
1.11592
1.1028
1.05802
1.1861
1.09953
1.1722
1.15909
1.24559
1.07713
1.09116
1.14742
1.13656
1.18693
1.10846
1.21938
1.2055
1.05129
1.10348
1.06146
1.14362
1.07405
1.15219
1.13809
1.17019
1.12556
1.13935
1.14781
1.08731
1.15242
1.23066
1.16293
1.13991
1.14581
1.13827
1.1225
1.09646
1.12921
1.05535
1.13678
1.08192
1.21254
1.10536
1.1452
1.05012
1.14235
1.12678
1.13926
1.18885
1.13716
1.17354
1.14584
1.0931
1.08777
1.09505
1.16605
1.13946
1.20985
1.15516
1.1557
1.15896
1.17071
1.16174
1.11604
1.19349
1.12308
1.18246
1.18976
1.22695
1.13092
1.20129
1.13115
1.22064
1.10653
1.13776
1.12863
1.06939
1.19011
1.15576
1.07818
1.21683
1.1641
1.13683
1.14548
1.16767
1.09563
1.10152
1.14563
1.10265
1.13574
1.13498
1.09521
1.08635
1.10076
1.07927
1.17291
1.12744
1.1358
1.1419
1.13302
1.14451
1.12897
1.16252
1.13575
1.11403
1.14887
1.15811
1.12469
1.12746
1.12499
1.06009
1.10007
1.16394
1.20979
1.16675
1.04856
1.06422
1.11969
1.15711
1.0942
1.13861
1.16398
1.14051
1.08043
1.09621
1.15215
1.10267
1.15808
1.17403
1.09589
1.11862
1.19348
1.12972
1.05584
1.23286
1.13275
1.14309
1.14481
1.08013
1.17784
1.21778
1.03439
1.18486
1.12716
1.09838
1.11766
1.09247
1.13957
1.09949
1.17141
1.08543
1.10361
1.14993
1.13423
1.17612
1.14742
1.16661
1.13135
1.1079
1.10574
1.08978
1.15302
1.13655
1.11893
1.15061
1.04911
1.17037
1.15067
1.14277
1.19833
1.0711
1.12917
1.13641
1.21837
1.14314
1.13104
1.08992
1.09951
1.17326
1.11482
1.19709
1.15036
1.14508
1.12619
1.11773
1.18071
1.1756
1.10742
1.10836
1.06776
1.12209
1.0754
1.16856
1.14544
1.08043
1.07442
1.16724
1.10091
1.06267
1.17195
1.13891
1.12521
1.16326
1.11876
1.06598
1.17163
1.13051
1.18557
1.0953
1.11224
1.1123
1.1637
1.0927
1.08532
1.09866
1.08511
1.11934
1.13116
1.18174
1.11081
1.1495
1.09962
1.15102
1.1034
1.11379
1.13375
1.08672
1.12587
1.15381
1.18697
1.17785
1.13793
1.19613
1.18327
1.24928
1.09083
1.13856
1.16089
1.14081
1.1403
1.13423
1.09249
1.1913
1.16777
1.10001
1.11791
1.08154
1.15483
1.15522
1.15819
1.12621
1.13063
1.04953
1.04143
1.15765
1.20498
1.16558
1.17434
1.14056
1.09462
1.10196
1.13761
1.0925
1.11107
1.16569
1.13852
1.18679
1.16685
1.10748
1.19621
1.15424
1.15621
1.10578
1.22375
1.17587
1.06778
1.1536
1.17146
1.10253
1.2015
1.17821
1.10339
1.12753
1.08366
1.21152
1.13557
1.06131
1.09496
1.15442
1.04986
1.14522
1.1425
1.1609
1.13419
1.06591
1.16775
1.12438
1.12571
1.13433
1.0797
1.1089
1.09235
1.1368
1.07592
1.12197
1.17082
1.18468
1.11323
1.14948
1.14125
1.11571
1.14087
1.0929
1.14677
1.16699
1.08451
1.15627
1.17096
1.21796
1.14263
1.24154
1.13195
1.13096
1.13865
1.16806
1.10728
1.09357
1.16464
1.16393
1.14076
1.17272
1.14531
1.13556
1.13664
1.15102
1.14906
1.11621
1.13207
1.06865
1.12239
1.13754
1.09903
1.22358
1.16337
1.09996
1.17506
1.19913
1.08986
1.09613
1.12063
1.08203
1.11107
1.18542
1.139
1.0719
1.11082
1.10922
1.21537
1.10536
1.19382
1.12801
1.18081
1.08978
1.11815
1.13381
1.18215
1.18432
1.10336
1.10805
1.11949
1.13899
1.12882
1.09708
1.16012
1.14593
1.11633
1.15075
1.09758
1.0784
1.10078
1.14311
1.10697
1.09251
1.19948
1.13564
1.09162
1.13348
1.16371
1.06288
1.16314
1.0686
1.12995
1.1074
1.14413
1.08499
1.13354
1.12535
1.10213
1.09546
1.17978
1.20342
1.17481
1.19396
1.19581
1.11973
1.14079
1.21257
1.12915
1.1737
1.12786
1.12026
1.02254
1.11847
1.07463
1.11498
1.07327
1.18133
1.12322
1.11615
1.11639
1.13889
1.07608
1.12075
1.13253
1.12547
1.14593
1.16006
1.18131
1.11482
1.11652
1.16052
1.16076
1.08418
1.1887
1.17005
1.21426
1.098
1.11281
1.11425
1.13084
1.13714
1.18322
1.13364
1.20971
1.24612
1.11823
1.14622
1.09293
1.10408
1.16155
1.1187
1.15663
1.16388
1.06353
1.15913
1.00696
1.12628
1.15963
1.16991
1.13085
1.14359
1.13947
1.14149
1.17199
1.11177
1.20653
1.12918
1.13407
1.09234
1.10563
1.12383
1.18417
1.21169
1.13074
1.23459
1.14792
1.07557
1.11124
1.09826
1.12161
1.07182
1.10557
1.08211
1.18093
1.15062
1.08258
1.11736
1.09185
1.12117
1.16602
1.14712
1.15896
1.17741
1.1133
1.1444
1.18195
1.12149
1.11335
1.08803
1.03446
1.1215
1.09681
1.10701
1.08446
1.13638
1.14042
1.11753
1.11367
1.13433
1.06806
1.23896
1.15479
1.12331
1.19313
1.24088
1.11366
1.16054
1.16285
1.16562
1.12226
1.10675
1.19589
1.22358
1.13578
1.1613
1.14905
1.15489
1.10441
1.16219
1.1476
1.11891
1.20674
1.19522
1.13956
1.12149
1.16292
1.09906
1.11422
1.10308
1.16892
1.16986
1.16762
1.04133
1.15813
1.10181
1.15778
1.11973
1.13368
1.06505
1.18124
1.1532
1.11139
1.08737
1.10633
1.11053
1.10535
1.14854
1.16904
1.103
1.1306
1.12578
1.10308
1.13231
1.08024
1.10604
1.08925
1.16286
1.08647
1.11871
1.12798
1.06778
1.13366
1.13263
1.11578
1.15414
1.13349
1.11123
1.14074
1.08409
1.08714
1.15887
1.15973
1.18993
1.10025
1.09241
1.15486
1.12176
1.11373
1.18411
1.14067
1.10067
1.09793
1.08992
1.14202
1.17146
1.07945
1.10294
1.09753
1.11487
1.09696
1.1301
1.10162
1.07486
1.16289
1.14578
1.09809
1.13505
1.06792
1.11734
1.15225
1.17165
1.07327
1.10627
1.12966
1.1749
1.20214
1.08518
1.08156
1.13313
1.09806
1.12358
1.14451
1.15295
1.10835
1.19999
1.14373
1.1428
1.17367
1.08044
1.13238
1.1017
1.14561
1.10717
1.05008
1.10545
1.13622
1.15829
1.1051
1.10974
1.16344
1.16053
1.09475
1.12659
1.15174
1.08942
1.12257
1.1001
1.16986
1.09633
1.13368
1.18377
1.09013
1.13375
1.14003
1.17937
1.1216
1.1173
1.12509
1.14083
1.10767
1.15407
1.16771
1.17728
1.10539
1.12453
1.0985
1.1584
1.14563
1.11461
1.15549
1.09842
1.15395
1.20131
1.11396
1.11181
1.10179
1.072
1.12172
1.1771
1.11248
1.15636
1.17061
1.1063
1.09261
1.09028
1.21473
1.07329
1.10259
1.13466
1.13571
1.08463
1.09197
1.12679
1.13445
1.03245
1.09037
1.20305
1.17509
1.17002
1.09458
1.13527
1.19368
1.0998
1.14995
1.10797
1.0672
1.19049
1.10098
1.13063
1.09741
1.0339
1.12253
1.14522
1.11156
1.17395
1.17732
1.13794
1.15116
1.12301
1.09772
1.12251
1.15182
1.16649
1.05909
1.1887
1.13466
1.05349
1.13524
1.10882
1.11449
1.12658
1.17395
1.1142
1.1787
1.11681
1.14994
1.05554
1.12575
1.07895
1.11109
1.11739
1.14006
1.13516
1.10362
1.07811
1.08712
1.13153
1.14739
1.15403
1.13269
1.13569
1.21734
1.13124
1.20203
1.13167
1.12286
1.11455
1.18125
1.15867
1.12653
1.18472
1.04598
1.1413
1.14875
1.11207
1.17489
1.07413
1.09406
1.16124
1.12802
1.14356
1.09924
1.13359
1.127
1.13195
1.05044
1.12338
1.10942
1.19282
1.13779
1.19221
1.14753
1.16319
1.14855
1.08598
1.13297
1.05627
1.09679
1.15043
1.15069
1.15307
1.14482
1.1892
1.12023
1.10007
1.05039
1.13572
1.1231
1.11431
1.12054
1.09474
1.13522
1.09942
1.14522
1.12966
1.07365
1.01814
1.14779
1.15275
1.12905
1.09379
1.18052
1.12001
1.16798
1.15748
1.12539
1.11107
1.10105
1.16314
1.134
1.08837
1.09923
1.09247
1.12134
1.17868
1.18222
1.1054
1.06479
1.05932
1.14205
1.12897
1.13766
1.05761
1.12637
1.14738
1.0909
1.19529
1.09698
1.09509
1.12847
1.13414
1.13877
1.07206
1.06474
1.1853
1.13528
1.15888
1.18885
1.20426
1.0794
1.12759
1.15011
1.0523
1.1863
1.22324
1.15229
1.09574
1.13263
1.10016
1.13664
1.18627
1.14877
1.08554
1.06354
1.09712
1.19009
1.13832
1.11029
1.1834
1.13804
1.11427
1.09591
1.11661
1.14072
1.10991
1.12529
1.14664
1.07724
1.17234
1.15454
1.08861
1.13279
1.17274
1.18801
1.12531
1.07628
1.16425
1.10509
1.12172
1.20185
1.09453
1.15589
1.19649
1.16334
1.19017
1.11342
1.11144
1.17177
1.09882
1.07391
1.1206
1.0905
1.08353
1.14312
1.1799
1.16312
1.16145
1.10807
1.18302
1.15446
1.10838
1.05151
1.16705
1.10378
1.12935
1.09432
1.16346
1.15131
1.15891
1.1176
1.12882
1.1114
1.10521
1.09535
1.18302
1.21475
1.05668
1.13849
1.15239
1.19882
1.19905
1.21806
1.22167
1.15132
1.12256
1.18675
1.11382
1.17434
1.11655
1.21285
1.09691
1.13442
1.22398
1.14565
1.25084
1.13181
1.09469
1.15233
1.12777
1.14573
1.10765
1.14166
1.09695
1.09654
1.11768
1.15703
1.18882
1.14635
1.08447
1.1855
1.15845
1.17688
1.16205
1.14747
1.22359
1.16069
1.15163
1.14731
1.05664
1.16504
1.1553
1.13888
1.16975
1.10363
1.16189
1.14601
1.13074
1.17097
1.15724
1.14434
1.12305
1.13155
1.10544
1.13013
1.11202
1.15029
1.10601
1.13527
1.07187
1.14801
1.11617
1.0985
1.16424
1.08379
1.1686
1.14276
1.11264
1.12863
1.11523
1.04422
1.10572
1.19644
1.0729
1.17636
1.09922
1.15924
1.09311
1.15926
1.15137
1.16915
1.12651
1.16711
1.08304
1.13206
1.17286
1.1206
1.15578
1.16141
1.15242
1.12076
1.07629
1.13117
1.16065
1.09357
1.16258
1.14168
1.18983
1.11405
1.11064
1.15466
1.1271
1.14497
1.16937
1.14178
1.12289
1.14017
1.08284
1.18988
1.15602
1.16176
1.12857
1.13213
1.19165
1.16547
1.11459
1.09927
1.11172
1.11996
1.09233
1.12289
1.10168
1.12408
1.13454
1.19847
1.10443
1.12065
1.12055
1.14555
1.14985
1.12211
1.16942
1.16057
1.10799
1.10474
1.13534
1.14246
1.11986
1.17853
1.09527
1.1341
1.11135
1.1171
1.16941
1.12257
1.08696
1.15073
1.12111
1.15245
1.14916
1.16844
1.10197
1.13452
1.1848
1.14992
1.11618
1.13646
1.16258
1.11358
1.07015
1.08945
1.10515
1.11408
1.17473
1.11391
1.10542
1.13046
1.16444
1.14035
1.15741
1.15706
1.13214
1.21631
1.13413
1.12761
1.06051
1.08602
1.19712
1.08197
1.13598
1.13195
1.11208
1.09802
1.20312
1.0937
1.10188
1.1801
1.1331
1.11626
1.13545
1.13163
1.13877
1.12886
1.12053
1.09633
1.11728
1.12509
1.13756
1.09977
1.16773
1.1253
1.17159
1.16495
1.14417
1.1262
1.11753
1.13505
1.14081
1.19636
1.18827
1.1109
1.15
1.16456
1.03971
1.09084
1.1342
1.12086
1.15152
1.13503
1.13181
1.1639
1.1687
1.12265
1.16718
1.1174
1.14204
1.12826
1.15297
1.16465
1.11788
1.14244
1.15707
1.20781
1.11648
1.12819
1.14951
1.13888
1.13299
1.15573
1.10215
1.04591
1.08414
1.14123
1.12444
1.17262
1.17446
1.11314
1.1933
1.195
1.11155
1.1616
1.15169
1.15371
1.15038
1.07142
1.0639
1.11258
1.21739
1.17885
1.08415
1.14184
1.16866
1.14519
1.08975
1.00222
1.1532
1.11328
1.10746
1.1469
1.14028
1.09166
1.09923
1.10598
1.12842
1.15833
1.14989
1.14661
1.14318
1.13369
1.16207
1.19157
1.14478
1.10528
1.16403
1.12301
1.16933
1.10916
1.16152
1.14335
1.15257
1.16159
1.12287
1.13768
1.08431
1.12923
1.10272
1.12788
1.1228
1.18329
1.13795
1.12253
1.08452
1.14158
1.12563
1.08772
1.06504
1.19224
1.07949
1.14985
1.05797
1.14571
1.11495
1.16612
1.05709
1.12449
1.12874
1.14259
1.11897
1.11994
1.1467
1.17741
1.13228
1.14916
1.11979
1.19023
1.14534
1.15428
1.0957
1.08953
1.20768
1.10339
1.08485
1.12026
1.12043
1.17239
1.15723
1.14064
1.10945
1.13207
1.02637
1.17865
1.10218
1.1501
1.09758
1.11867
1.16507
1.07247
1.12964
1.1566
1.09404
1.18936
1.14284
1.12166
1.12753
1.13708
1.12866
1.15047
1.14033
1.11021
1.19433
1.11561
1.13502
1.04659
1.08785
1.14166
1.10738
1.09095
1.16485
1.11751
1.15013
1.13814
1.13758
1.12434
1.09307
1.11305
1.12493
1.15518
1.07776
1.18036
1.09756
1.18071
1.15417
1.09435
1.09567
1.13376
1.1334
1.16049
1.12567
1.06978
1.11629
1.11496
1.13825
1.18318
1.11943
1.16923
1.1753
1.05901
1.13281
1.08816
1.1239
1.11295
1.20632
1.08602
1.11383
1.10096
1.15089
1.23833
1.07737
1.20317
1.11766
1.15143
1.15351
1.10864
1.09159
1.1761
1.18989
1.13049
1.02019
1.0863
1.14584
1.21309
1.1706
1.07237
1.08781
1.15262
1.17787
1.16572
1.10614
1.08808
1.1203
1.11555
1.11998
1.14146
1.16358
1.12164
1.1092
1.12045
1.06172
1.16519
1.10526
1.09452
1.11425
1.05423
1.09439
1.08997
1.15115
1.16687
1.18825
1.1342
1.1063
1.19161
1.09025
1.17668
1.14555
1.10415
1.14075
1.1454
1.11393
1.10609
1.15232
1.16335
1.07738
1.13781
1.11214
1.1698
1.03216
1.14994
1.19081
1.14617
1.08906
1.14419
1.16362
1.07558
1.16449
1.17374
1.08302
1.14442
1.14575
1.14314
1.12183
1.14682
1.18975
1.17071
1.13192
1.16099
1.04391
1.1742
1.13353
1.16888
1.14114
1.12205
1.14689
1.12198
1.12717
1.05304
1.0978
1.12813
1.2016
1.17764
1.09081
1.16836
1.10273
1.08787
1.14432
1.09953
1.13394
1.17199
1.15363
1.09869
1.14789
1.15417
1.20021
1.13342
1.06624
1.10352
1.13977
1.06278
1.12259
1.07944
1.11185
1.11027
1.18111
1.09939
1.23269
1.11158
1.08705
1.04821
1.18411
1.07684
1.15922
1.10262
1.15357
1.14967
1.13526
1.22625
1.04399
1.15432
1.10049
1.18884
1.10961
1.12347
1.16191
1.10233
1.10532
1.14775
1.12748
1.12152
1.12357
1.08342
1.09178
1.15801
1.14995
1.11822
1.08111
1.07573
1.12939
1.0715
1.12638
1.09477
1.16887
1.18031
1.13553
1.18037
1.14711
1.19017
1.15998
1.15533
1.12073
1.126
1.17549
1.17737
1.14023
1.23242
1.1123
1.12757
1.20944
1.11099
1.15172
1.16229
1.1781
1.10938
1.14474
1.16478
1.11951
1.12054
1.1117
1.12954
1.11283
1.22908
1.11267
1.13467
1.15126
1.20165
1.12268
1.09763
1.17499
1.1419
1.15062
1.16334
1.11426
1.16204
1.09583
1.14879
1.12307
1.13744
1.14137
1.13552
1.21459
1.06798
1.23238
1.17431
1.12766
1.14726
1.11396
1.13217
1.21197
1.11906
1.06406
1.13543
1.12861
1.18241
1.12713
1.10846
1.17617
1.16248
1.17994
1.13414
1.1184
1.13321
1.13869
1.11066
1.13603
1.09705
1.10666
1.09371
1.10101
1.18364
1.12696
1.20192
1.15079
1.12094
1.11717
1.12839
1.09974
1.18807
1.17463
1.18695
1.20191
1.15872
1.15269
1.21507
1.10914
1.10907
1.16293
1.17546
1.1245
1.0863
1.12387
1.11374
1.17783
1.2136
1.15369
1.06732
1.14283
1.15974
1.11349
1.20966
1.09195
1.09421
1.15478
1.16706
1.11326
1.04047
1.10528
1.13388
1.16013
1.165
1.16573
1.18707
1.1341
1.22643
1.05742
1.11639
1.12442
1.1044
1.18732
1.18742
1.12711
1.11246
1.14889
1.09764
1.15751
1.15159
1.09446
1.15767
1.10404
1.08661
1.22215
1.11188
1.1171
1.07411
1.26097
1.21522
1.09029
1.17163
1.10964
1.12984
1.10724
1.12743
1.14194
1.11449
1.19742
1.19591
1.12987
1.11073
1.08586
1.02358
1.17808
1.14247
1.11338
1.1158
1.16115
1.13718
1.15566
1.08737
1.14742
1.0418
1.13778
1.14064
1.07851
1.11194
1.13359
1.14258
1.11636
1.16041
1.1158
1.07917
1.01692
1.15016
1.10194
1.21454
1.07138
1.1107
1.19659
1.12106
1.12996
1.18994
1.15085
1.15846
1.09193
1.15077
1.15014
1.10549
1.12871
1.10623
1.10294
1.16166
1.14753
1.16088
1.11678
1.1892
1.13739
1.16403
1.13127
1.06611
1.16181
1.12775
1.17737
1.1308
1.17928
1.14974
1.17528
1.05278
1.08792
1.11942
1.14575
1.11688
1.16246
1.12354
1.12165
1.16088
1.09547
1.13932
1.23944
1.12688
1.12378
1.19616
1.16954
1.11937
1.10054
1.12799
1.13813
1.14913
1.10937
1.12042
1.10387
1.08673
1.0835
1.20444
1.20862
1.09439
1.13171
1.16179
1.15046
1.15393
1.07423
1.12314
1.10828
1.14496
1.18564
1.15911
1.11736
1.13949
1.0958
1.19131
1.21182
1.11098
1.17195
1.16215
1.07267
1.14651
1.16168
1.07838
1.1684
1.15052
1.10775
1.15998
1.16131
1.10079
1.18151
1.09014
1.17134
1.19594
1.16206
1.1771
1.07079
1.13089
1.14478
1.12343
1.03974
1.13275
1.14017
1.14949
1.11591
1.12478
1.15826
1.12698
1.12673
1.15868
1.04252
1.0919
1.15877
1.1645
1.2183
1.11789
1.15
1.06077
1.13511
1.09903
1.137
1.13086
1.15386
1.17346
1.13435
1.09447
1.11119
1.15954
1.11124
1.0923
1.13633
1.16602
1.14312
1.14947
1.11617
1.1169
1.06207
1.1562
1.12735
1.12629
1.14368
1.07442
1.15552
1.16955
1.16821
1.13175
1.09267
1.12551
1.0993
1.15013
1.06471
1.0868
1.14102
1.08423
1.08752
1.09426
1.14129
1.13195
1.11534
1.10617
1.14917
1.15202
1.13481
1.13629
1.12244
1.15808
1.20319
1.11939
1.07955
1.11847
1.11615
1.17335
1.1168
1.06664
1.09673
1.15985
1.08716
1.0937
1.20569
1.14923
1.15895
1.10919
1.08423
1.08792
1.06716
1.12829
1.15742
1.16572
1.12235
1.13254
1.16061
1.09891
1.1347
1.06885
1.13738
1.16965
1.14094
1.10343
1.13652
1.13006
1.22432
1.09212
1.14507
1.12016
1.15862
1.16611
1.146
1.17128
1.13341
1.08668
1.12208
1.16
1.13568
1.07063
1.10441
1.12834
1.08707
1.17686
1.16744
1.0958
1.16079
1.12061
1.19129
1.12507
1.15176
1.11904
1.13127
1.13975
1.11784
1.14706
1.14456
1.12852
1.01723
1.10333
1.15027
1.13869
1.07645
1.12975
1.1758
1.15491
1.1578
1.1557
1.06943
1.12953
1.08819
1.14055
1.1558
1.14791
1.1669
1.15523
1.13289
1.17881
1.13491
1.06794
1.11973
1.11907
1.10716
1.12212
1.14539
1.13967
1.09094
1.18802
1.14974
1.15334
1.17465
1.10182
1.12968
1.18959
1.13449
1.10714
1.16481
1.15004
1.05476
1.10105
1.13661
1.11062
1.0998
1.18952
1.08822
1.10048
1.07008
1.09758
1.05707
1.10012
1.07058
1.1189
1.15467
1.08581
1.14814
1.12626
1.08973
1.10817
1.08577
1.12271
1.08728
1.15177
1.12535
1.12379
1.1964
1.1324
1.16552
1.10416
1.12606
1.08386
1.09101
1.16834
1.12806
1.09107
1.13016
1.17729
1.08818
1.15811
1.14528
1.12808
1.00837
1.11853
1.06898
1.13859
1.12192
1.12755
1.14755
1.10904
1.08256
1.09314
1.1162
1.09713
1.19773
1.0694
1.12722
1.09113
1.10038
1.14075
1.13982
1.0976
1.14199
1.10662
1.1775
1.05671
1.07345
1.0917
1.14774
1.0948
1.17143
1.14046
1.09136
1.16981
1.15121
1.15369
1.17763
1.13439
1.08732
1.15001
1.18056
1.14421
1.1669
1.07466
1.13027
1.08201
1.07639
1.12492
1.08015
1.16006
1.14254
1.08631
1.16874
1.10707
1.12413
1.12564
1.11805
1.1011
1.1078
1.14722
1.13138
1.12915
1.10511
1.12265
1.10239
1.16517
1.10338
1.09571
1.20441
1.10344
1.14681
1.14307
1.13245
1.12125
1.10787
1.13461
1.0376
1.14112
1.18577
1.11524
1.12156
1.10564
1.15421
1.09541
1.14004
1.1002
1.18134
1.11878
1.07873
1.08918
1.15837
1.1654
1.16851
1.12395
1.12329
1.10676
1.1512
1.10296
1.1579
1.14114
1.15831
1.17369
1.09998
1.14703
1.14841
1.18836
1.15712
1.14368
1.09623
1.17954
1.10133
1.1555
1.12429
1.1595
1.11339
1.09534
1.1588
1.07388
1.08468
1.12163
1.1779
1.13951
1.07419
1.1278
1.09108
1.07465
1.11658
1.13047
1.13513
1.15147
1.15727
1.14266
1.18328
1.05902
1.14022
1.08473
1.19615
1.1754
1.16047
1.15626
1.09866
1.12734
1.0649
1.06075
1.17543
1.17146
1.10597
1.12707
1.1415
1.14659
1.19784
1.17397
1.09098
1.105
1.0529
1.11317
1.15103
1.1139
1.15595
1.16915
1.08302
1.14916
1.09722
1.09217
1.10661
1.17987
1.15399
1.14646
1.11095
1.18133
1.13651
1.15395
1.1231
1.12568
1.11897
1.07185
1.1168
1.13287
1.08744
1.17529
1.09917
1.11544
1.11003
1.20683
1.12998
1.05221
1.11902
1.15728
1.1282
1.17154
1.11667
1.11281
1.12501
1.08281
1.09612
1.12447
1.04095
1.12759
1.15265
1.16503
1.12232
1.14435
1.1873
1.14815
1.10268
1.13272
1.1612
1.0897
1.06588
1.15466
1.20658
1.11588
1.16296
1.16354
1.06677
1.12207
1.12444
1.11932
1.11827
1.16753
1.11105
1.10555
1.12237
1.15572
1.13016
1.07196
1.1042
1.17709
1.15972
1.13988
1.13596
1.11337
1.1371
1.07131
1.16184
1.07525
1.1251
1.10622
1.12131
1.13771
1.14874
1.12335
1.12823
1.19255
1.2588
1.12757
1.11571
1.06414
1.13453
1.12057
1.09386
1.11576
1.18046
1.09814
1.10355
1.16808
1.14385
1.1593
1.15394
1.15259
1.16048
1.10474
1.26746
1.11379
1.12522
1.17897
1.1693
1.12089
1.13313
1.10147
1.10048
1.08599
1.15565
1.17302
1.13383
1.15004
1.18416
1.12623
1.10087
1.08532
1.11713
1.15986
1.14633
1.084
1.14939
1.12056
1.08731
1.12545
1.13372
1.06314
1.1744
1.1076
1.09205
1.14366
1.11632
1.19559
1.0879
1.09135
1.15807
1.18868
1.111
1.12288
1.14186
1.16095
1.09147
1.16524
1.16288
1.13028
1.18251
1.08133
1.14029
1.12548
1.11835
1.14324
1.14299
1.15179
1.12295
1.16703
1.17475
1.13106
1.097
1.1556
1.0753
1.13792
1.12814
1.09368
1.07478
1.10728
1.19746
1.13204
1.1195
1.06387
1.08779
1.12449
1.14114
1.11484
1.14587
1.16251
1.12362
1.08531
1.12738
1.11993
1.15193
1.08674
1.18686
1.06288
1.11409
1.11944
1.11669
1.19643
1.12245
1.1474
1.11776
1.10975
1.06898
1.13507
1.1279
1.1216
1.17503
1.13663
1.11939
1.21688
1.16417
1.14529
1.08628
1.22372
1.07518
1.11834
1.12954
1.1607
1.1271
1.13397
1.23878
1.15397
1.19827
1.17597
1.17728
1.1466
1.15474
1.0939
1.13981
1.09795
1.16399
1.11274
1.06854
1.1396
1.13437
1.14546
1.10369
1.16899
1.11587
1.09831
1.16083
1.13087
1.09574
1.11658
1.11235
1.09675
1.18218
1.0438
1.11801
1.13899
1.17313
1.18316
1.11622
1.1646
1.14365
1.12201
1.15182
1.09411
1.18306
1.12425
1.13287
1.1217
1.09266
1.11909
1.13718
1.13753
1.09466
1.17593
1.05872
1.17793
1.16143
1.11117
1.14049
1.13622
1.16909
1.14464
1.06922
1.16932
1.127
1.12168
1.10156
1.10671
1.12796
1.12976
1.1442
1.07215
1.0834
1.12372
1.1633
1.18564
1.16977
1.1313
1.15521
1.18197
1.16483
1.10388
1.12503
1.15962
1.16006
1.08845
1.19416
1.14599
1.1581
1.17134
1.17131
1.12776
1.15717
1.14559
1.08403
1.17288
1.16437
1.15116
1.14345
1.10607
1.1497
1.10043
1.1187
1.10788
1.18197
1.09881
1.15471
1.17147
1.06761
1.11992
1.14943
1.15438
1.17637
1.053
1.14084
1.12969
1.20091
1.07137
1.20577
1.15137
1.20027
1.14895
1.10994
1.14622
1.12898
1.0876
1.17747
1.11849
1.09311
1.0319
1.13814
1.06065
1.1254
1.15591
1.11739
1.0638
1.14417
1.11343
1.11009
1.10866
1.12339
1.13148
1.08051
1.05952
1.11675
1.10768
1.12443
1.09726
1.19452
1.13892
1.12927
1.11465
1.10105
1.12172
1.15602
1.15235
1.12649
1.10701
1.16673
1.15215
1.10802
1.12899
1.07632
1.15974
1.14854
1.16686
1.07587
1.14574
1.08611
1.08806
1.1598
1.15757
1.14248
1.09897
1.13893
1.14795
1.10936
1.15183
1.17375
1.09476
1.11427
1.15101
1.06951
1.06821
1.13258
1.11239
1.11834
1.13994
1.13393
1.1203
1.13157
1.10015
1.08996
1.13642
1.16984
1.07298
1.08237
1.0833
1.18159
1.10983
1.07031
1.17127
1.1043
1.15727
1.08728
1.14674
1.1213
1.11676
1.15559
1.16501
1.10386
1.08379
1.16241
1.12551
1.17517
1.03541
1.14048
1.0767
1.14531
1.14688
1.06528
1.13515
1.19403
1.0522
1.0847
1.16016
1.0461
1.16578
1.10138
1.19854
1.18546
1.09289
1.18439
1.13115
1.12906
1.2027
1.13054
1.08342
1.14967
1.2018
1.0342
1.14878
1.14509
1.10152
1.17277
1.1208
1.10484
1.10806
1.17198
1.08693
1.21522
1.12843
1.13063
1.1778
1.1644
1.0841
1.1217
1.13896
1.11674
1.13636
1.10687
1.10052
1.10831
1.15729
1.16607
1.10949
1.16274
1.12999
1.1666
1.15409
1.13036
1.08298
1.11689
1.15902
1.1424
1.10528
1.11889
1.16905
1.17162
1.14247
1.10587
1.20972
1.15785
1.10854
1.14226
1.09923
1.12538
1.1971
1.08415
1.13014
1.13385
1.15888
1.08184
1.12844
1.20859
1.20818
1.11305
1.15424
1.12979
1.18211
1.13764
1.15015
1.07665
1.17947
1.12871
1.08782
1.13162
1.01612
1.10107
1.15174
1.15103
1.0808
1.15371
1.13582
1.13319
1.13608
1.11821
1.14864
1.14839
1.12409
1.12921
1.09274
1.17962
1.04818
1.10723
1.16493
1.11069
1.12001
1.19445
1.12892
1.02505
1.19606
1.18204
1.1133
1.09174
1.07615
1.11475
1.14164
1.19615
1.13201
1.10187
1.09443
1.12558
1.16329
1.07991
1.13432
1.1118
1.15527
1.19888
1.11809
1.13623
1.1674
1.15672
1.16279
1.1085
1.2094
1.15608
1.10954
1.12492
1.18797
1.15118
1.13258
1.18711
1.12276
1.12721
1.11427
1.11616
1.09217
1.12325
1.10756
1.16028
1.10208
1.12405
1.18806
1.18826
1.12144
1.11029
1.06318
1.17021
1.10674
1.11695
1.18847
1.1907
1.10499
1.13868
1.14073
1.12726
1.11276
1.17046
1.13062
1.13262
1.09122
1.13187
1.08804
1.13429
1.10493
1.18025
1.22945
1.16386
1.10182
1.16765
1.12592
1.21083
1.13074
1.06244
1.07595
1.14183
1.13697
1.1196
1.10834
1.07639
1.19187
1.14948
1.08154
1.13017
1.1439
1.13075
1.1837
1.16833
1.13722
1.1371
1.20068
1.06901
1.08411
1.19453
1.21811
1.09202
1.17219
1.12636
1.16113
1.09803
1.13808
1.20948
1.13754
1.14484
1.14882
1.11645
1.13787
1.13378
1.0988
1.13098
1.10924
1.07555
1.141
1.1254
1.17035
1.1403
1.16898
1.1246
1.13477
1.29315
1.13004
1.17331
1.13261
1.19515
1.13439
1.12473
1.19292
1.0736
1.13089
1.17712
1.11309
1.16963
1.1695
1.21036
1.11049
1.14738
1.08406
1.12888
1.11523
1.12123
1.1433
1.105
1.14542
1.09834
1.14374
1.11305
1.16995
1.17316
1.13071
1.12932
1.16299
1.12432
1.14259
1.11004
1.13605
1.21724
1.1594
1.0726
1.14342
1.16135
1.19336
1.06723
1.21586
1.15261
1.10996
1.14799
1.14783
1.06525
1.0813
1.13115
1.06535
1.15182
1.06545
1.14551
1.17746
1.15148
1.1145
1.15831
1.15222
1.08024
1.14776
1.14839
1.14223
1.10116
1.19039
1.09919
1.19183
1.10871
1.0824
1.0721
1.1672
1.11523
1.14619
1.14263
1.12149
1.19103
1.13304
1.10037
1.10772
1.20588
1.1474
1.1038
1.08298
1.13849
1.16385
1.149
1.13858
1.19669
1.15512
1.08662
1.13206
1.1444
1.28519
1.15597
1.16732
1.1256
1.12999
1.12508
1.12726
1.19445
1.19314
1.16604
1.12743
1.07526
1.13696
1.16352
1.09729
1.15624
1.11967
1.16774
1.12641
1.14201
1.11128
1.14029
1.14871
1.09342
1.03761
1.16239
1.11991
1.14259
1.10561
1.18165
1.13196
1.07235
1.15002
1.17554
1.12575
1.16614
1.09269
1.16345
1.13097
1.13352
1.16169
1.1366
1.13988
1.10503
1.14715
1.19567
1.12965
1.19747
1.13811
1.13409
1.09976
1.11523
1.12761
1.13021
1.06853
1.11865
1.13151
1.07163
1.15041
1.19241
1.1687
1.09451
1.1209
1.13047
1.0808
1.15591
1.11847
1.15347
1.09306
1.1369
1.18444
1.10773
1.17413
1.11347
1.21338
1.19305
1.14625
1.10129
1.15717
1.20484
1.12793
1.15758
1.19627
1.09333
1.15482
1.10029
1.16443
1.19019
1.1492
1.13354
1.13833
1.09297
1.12898
1.14549
1.14241
1.13832
1.11077
1.11812
1.13355
1.19242
1.14094
1.14897
1.17634
1.14819
1.16344
1.08336
1.11998
1.09281
1.11162
1.19346
1.15696
1.07419
1.14405
1.1837
1.08934
1.16604
1.17879
1.19702
1.14696
1.16598
1.09506
1.13356
1.16891
1.20949
1.14865
1.1783
1.11485
1.14682
1.16215
1.1544
1.10829
1.13214
1.16728
1.15794
1.11581
1.07376
1.14153
1.19453
1.15496
1.10696
1.11493
1.09154
1.08867
1.15355
1.14444
1.11014
1.09817
1.08906
1.17339
1.15108
1.12348
1.10885
1.09227
1.06036
1.09037
1.10257
1.11855
1.08955
1.18109
1.08698
1.13092
1.0976
1.08865
1.10833
1.15829
1.14014
1.11476
1.16717
1.11264
1.10703
1.15219
1.12104
1.22556
1.14939
1.13565
1.18538
1.12545
1.0976
1.15603
1.15372
1.14816
1.08393
1.11391
1.12827
1.09412
1.13459
1.08048
1.10086
1.10608
1.14513
1.13362
1.13762
1.14374
1.14108
1.08305
1.12163
1.14595
1.11776
1.12531
1.12273
1.12218
1.1013
1.07534
1.07466
1.11988
1.1762
1.09917
1.13064
1.15387
1.13206
1.11205
1.0497
1.17944
1.10861
1.12179
1.06852
1.13683
1.16185
1.13621
1.09799
1.08704
1.23967
1.15808
1.11939
1.13533
1.16589
1.12858
1.11015
1.07916
1.16254
1.08591
1.1336
1.13095
1.13218
1.15559
1.16296
1.15254
1.15093
1.07766
1.0795
1.17973
1.13888
1.23004
1.07755
1.14716
1.11311
1.13519
1.12133
1.13093
1.12935
1.14101
1.14086
1.08919
1.10664
1.10131
1.15796
1.10787
1.09631
1.25083
1.05829
1.12027
1.1651
1.10508
1.12411
1.08876
1.10053
1.16496
1.17327
1.16342
1.16102
1.11215
1.14925
1.19834
1.06822
1.12912
1.12255
1.1039
1.0824
1.12781
1.15329
1.12931
1.07256
1.13147
1.09164
1.16277
1.21077
1.05786
1.18531
1.07548
1.11659
1.17156
1.08999
1.12014
1.09948
1.15961
1.20246
1.12497
1.17456
1.14226
1.22252
1.17565
1.15183
1.07842
1.11486
1.12525
1.18365
1.13476
1.10638
1.13137
1.14646
1.22173
1.09202
1.08175
1.08074
1.10643
1.14395
1.13835
1.1645
1.15957
1.13121
1.11491
1.18153
1.10377
1.14305
1.13022
1.16812
1.12149
1.1477
1.1332
1.11648
1.06998
1.13324
1.06263
1.1377
1.17275
1.21259
1.16278
1.14079
1.13477
1.08405
1.12714
1.14032
1.13945
1.11465
1.13918
1.1264
1.15393
1.16566
1.14012
1.14948
1.14094
1.11501
1.15223
1.15595
1.16165
1.12832
1.08247
1.11346
1.10594
1.10762
1.07322
1.14992
1.13848
1.06823
1.13845
1.17618
1.09756
1.12726
1.13948
1.11612
1.16491
1.18
1.04454
1.19015
1.12753
1.10247
1.16004
1.12246
1.15707
1.12844
1.11775
1.13931
1.06063
1.16247
1.19597
1.11853
1.13739
1.116
1.09066
1.0886
1.09979
1.11531
1.1335
1.10372
1.04716
1.10287
1.1787
1.09732
1.13466
1.12181
1.15791
1.1567
1.11108
1.11884
1.08133
1.07784
1.08159
1.12028
1.11358
1.08888
1.17093
1.13002
1.21787
1.11179
1.05534
1.15423
1.145
1.08962
1.14267
1.21153
1.07408
1.13617
1.17395
1.20482
1.12811
1.12814
1.19461
1.16842
1.11398
1.11467
1.15263
1.08434
1.14578
1.10313
1.13273
1.09332
1.12248
1.09802
1.13077
1.15862
1.13313
1.15201
1.15449
1.08994
1.10591
1.1842
1.15955
1.0995
1.11283
1.1495
1.21744
1.15732
1.16398
1.24368
1.16781
1.23717
1.13568
1.16174
1.11426
1.14404
1.19272
1.09642
1.09486
1.14647
1.1283
1.15123
1.22171
1.17304
1.072
1.09086
1.0872
1.11375
1.10626
1.13453
1.19662
1.11572
1.1289
1.11835
1.11406
1.12156
1.15137
1.14745
1.14887
1.14756
1.14278
1.10114
1.16084
1.09953
1.1232
1.10756
1.10785
1.23427
1.14888
1.13252
1.15992
1.13388
1.13033
1.1669
1.15216
1.07592
1.12297
1.09935
1.1772
1.16761
1.13044
1.09765
1.12041
1.15489
1.16984
1.12833
1.09721
1.13827
1.11412
1.13844
1.12247
1.20054
1.08075
1.10973
1.13871
1.10991
1.1652
1.12245
1.18805
1.1487
1.15541
1.13416
1.15226
1.11059
1.10165
1.15211
1.10388
1.16923
1.12709
1.11207
1.12266
1.12555
1.13285
1.1118
1.18472
1.12965
1.11082
1.11
1.14234
1.18572
1.12935
1.16157
1.15724
1.14331
1.19555
1.1688
1.1077
1.1213
1.17625
1.17855
1.15756
1.12464
1.12156
1.1614
1.14791
1.13133
1.11742
1.13799
1.14819
1.16766
1.1639
1.16295
1.13705
1.1797
1.17975
1.089
1.10519
1.0692
1.12805
1.12234
1.1646
1.0521
1.24369
1.1329
1.18568
1.17284
1.14121
1.13143
1.09676
1.06917
1.15163
1.15059
1.11058
1.1683
1.11569
1.13248
1.14973
1.10468
1.14417
1.21233
1.12333
1.12181
1.11283
1.13979
1.11857
1.11963
1.11025
1.17935
1.15881
1.10951
1.07478
1.0919
1.10512
1.07661
1.14643
1.10287
1.13051
1.09964
1.17275
1.15723
1.10141
1.16043
1.0935
1.18376
1.14825
1.11846
1.06062
1.09044
1.23192
1.09364
1.10957
1.20671
1.18031
1.10303
1.04287
1.08066
1.15187
1.14834
1.1681
1.08906
1.14317
1.08681
1.13742
1.12114
1.11352
1.15931
1.15812
1.02656
1.18832
1.09968
1.10644
1.15046
1.17291
1.12768
1.17634
1.14944
1.16412
1.09478
1.17682
1.16018
1.12121
1.16109
1.13044
1.09179
1.15282
1.08731
1.12378
1.06962
1.14459
1.13747
1.17772
1.14003
1.14009
1.16821
1.09447
1.14496
1.13601
1.11984
1.04476
1.15108
1.22323
1.17077
1.13777
1.13053
1.19052
1.0886
1.1869
1.11274
1.09578
1.13927
1.10574
1.10078
1.14078
1.07998
1.10347
1.07578
1.19574
1.16985
1.15276
1.14663
1.1674
1.18586
1.15338
1.15803
1.17918
1.0692
1.11376
1.13937
1.14928
1.15812
1.06354
1.16207
1.17912
1.14572
1.08407
1.18347
1.17695
1.10162
1.07863
1.12746
1.11875
1.10727
1.2112
1.12648
1.17565
1.11391
1.09314
1.1644
1.09978
1.14113
1.0783
1.14518
1.08793
1.14557
1.17464
1.12436
1.10544
1.1278
1.08677
1.16417
1.10034
1.05713
1.11963
1.07721
1.15834
1.09335
1.14454
1.11304
1.06459
1.13752
1.12784
1.1451
1.17981
1.08696
1.15248
1.15629
1.10459
1.16838
1.06489
1.07838
1.22263
1.15982
1.13168
1.12428
1.1339
1.15543
1.0759
1.1104
1.13147
1.05451
1.11624
1.0726
1.08619
1.11308
1.14078
1.11971
1.11034
1.10229
1.17526
1.14238
1.10822
1.11036
1.122
1.16074
1.06693
1.13684
1.09445
1.15288
1.11043
1.14787
1.12008
1.14932
1.12515
1.13046
1.13147
1.14325
1.15088
1.06139
1.11965
1.08355
1.16974
1.1319
1.04479
1.10516
1.14857
1.10167
1.11849
1.14462
1.13176
1.1833
1.11342
1.14946
1.13015
1.12418
1.19702
1.12956
1.14586
1.07491
1.14909
1.0797
1.1346
1.13367
1.1488
1.13352
1.10371
1.09608
1.15055
1.17788
1.17237
1.1123
1.15551
1.14046
1.12557
1.14961
1.09264
1.09348
1.16819
1.09155
1.15932
1.18908
1.18861
1.11029
1.13452
1.13264
1.19408
1.13914
1.11091
1.01281
1.12261
1.12126
1.17534
1.09345
1.15108
1.11079
1.14823
1.11761
1.07897
1.08945
1.22358
1.12366
1.18725
1.15252
1.05072
1.16519
1.12267
1.14869
1.02627
1.12741
1.17688
1.14155
1.19962
1.12264
1.08809
1.04244
1.19813
1.18518
1.12103
1.14013
1.14484
1.21708
1.22784
1.22539
1.14843
1.1424
1.14485
1.18983
1.25118
1.13248
1.10301
1.15599
1.148
1.11899
1.06522
1.11221
1.05835
1.19559
1.10496
1.11822
1.17261
1.09057
1.16676
1.12852
1.06565
1.14127
1.12494
1.15365
1.13569
1.13519
1.13017
1.15108
1.14859
1.09427
1.12989
1.16022
1.08239
1.13564
1.23123
1.06107
1.13753
1.17544
1.10428
1.14991
1.16528
1.08662
1.1374
1.1651
1.14666
1.19114
1.18145
1.10621
1.16184
1.14318
1.09937
1.06408
1.09408
1.11295
1.13755
1.15009
1.18956
1.17613
1.16611
1.10589
1.11445
1.17871
1.13461
1.08576
1.17732
1.22232
1.11342
1.08954
1.146
1.07522
1.18866
1.15411
1.08777
1.08646
1.07128
1.16189
1.14619
1.09852
1.09803
1.15441
1.09907
1.22227
1.11778
1.12626
1.09105
1.11641
1.19245
1.10379
1.19943
1.12729
1.16605
1.15735
1.12908
1.16123
1.16821
1.11888
1.1528
1.11474
1.09049
1.10684
1.10702
1.167
1.13746
1.10185
1.1537
1.11843
1.07271
1.0987
1.16203
1.16861
1.12814
1.06333
1.09393
1.15826
1.15335
1.12324
1.19909
1.19589
1.12577
1.20902
1.19002
1.0277
1.14484
1.11774
1.04846
1.11392
1.11442
1.1919
1.08031
1.12859
1.19854
1.09568
1.12116
1.13772
1.09815
1.13636
1.10444
1.14086
1.15125
1.16651
1.05967
1.10634
1.21147
1.14744
1.18671
1.1181
1.13763
1.16124
1.14066
1.06585
1.11575
1.15981
1.17704
1.12605
1.10262
1.05902
1.11575
1.18442
1.14375
1.10578
1.13207
1.07285
1.16551
1.14481
1.15685
1.09658
1.17489
1.0236
1.14883
1.15132
1.19965
1.12164
1.13662
1.13968
1.07982
1.19769
1.064
1.14469
1.14282
1.14558
1.1044
1.12423
1.09192
1.15403
1.1313
1.11559
1.13875
1.10988
1.11145
1.09596
1.217
1.09996
1.1163
1.11112
1.10495
1.08984
1.13993
1.13892
1.12211
1.08566
1.15715
1.04648
1.25148
1.14265
1.10181
1.08182
1.068
1.0602
1.08756
1.18298
1.13595
1.05124
1.12505
1.13509
1.11895
1.13716
1.10965
1.16459
1.16474
1.1404
1.11986
1.1401
1.09189
1.12845
1.11474
1.16377
1.14095
1.15478
1.09621
1.16255
1.12637
1.17162
1.12234
1.17216
1.08308
1.13355
1.11091
1.20544
1.14979
1.11773
1.14834
1.0685
1.15608
1.1627
1.16305
1.13275
1.11982
1.10192
1.10975
1.14446
1.12293
1.1075
1.18459
1.20657
1.10871
1.11312
1.1505
1.09391
1.16096
1.14983
1.13083
1.15731
1.14493
1.08873
1.13116
1.11332
1.17278
1.136
1.18037
1.12135
1.16904
1.17399
1.1985
1.1027
1.16208
1.11484
1.155
1.07284
1.11737
1.11568
1.08002
1.1825
1.15243
1.15299
1.19675
1.16904
1.04258
1.19843
1.16703
1.09029
1.1454
1.14077
1.09605
1.11917
1.16149
1.12334
1.17413
1.09859
1.12457
1.11607
1.12194
1.13939
1.13736
1.10875
1.12277
1.20496
1.11712
1.16345
1.12195
1.12682
1.09639
1.1801
1.08949
1.20974
1.04612
1.10535
1.09874
1.05841
1.17067
1.13686
1.12762
1.14393
1.11373
1.22743
1.04843
1.12439
1.11257
1.14075
1.12721
1.14684
1.09566
1.1244
1.17691
1.08154
1.15152
1.1594
1.08212
1.14546
1.14432
1.10011
1.10711
1.1085
1.10255
1.14844
1.09642
1.11638
1.04291
1.18426
1.11441
1.12295
1.13317
1.10689
1.1026
1.12769
1.0753
1.20331
1.14508
1.14637
1.11421
1.09025
1.1721
1.13488
1.17782
1.17463
1.16433
1.14438
1.10941
1.1712
1.14708
1.17209
1.11445
1.12154
1.08867
1.12074
1.187
1.1381
1.06949
1.10375
1.12493
1.12814
1.11074
1.11713
1.14902
1.09212
1.13125
1.18022
1.16358
1.07934
1.11191
1.15402
1.13374
1.14006
1.12386
1.0784
1.12266
1.16478
1.12556
1.20127
1.14984
1.13468
1.07272
1.19192
1.07885
1.065
1.12209
1.16729
1.20785
1.11028
1.07839
1.17598
1.11267
1.16264
1.19171
1.16335
1.15611
1.16036
1.1135
1.15661
1.11502
1.14323
1.20466
1.14941
1.1608
1.10914
1.18976
1.08447
1.17108
1.06431
1.15815
1.06642
1.10894
1.17825
1.08906
1.10253
1.12627
1.18154
1.14801
1.13639
1.08206
1.12175
1.14101
1.16045
1.10286
1.14431
1.12292
1.10949
1.13333
1.16005
1.14777
1.14797
1.1834
1.12577
1.08708
1.15143
1.16883
1.16572
1.18056
1.11567
1.13162
1.14402
1.10909
1.16766
1.14776
1.15829
1.10412
1.13702
1.17155
1.24579
1.1162
1.10266
1.09989
1.04865
1.1269
1.04796
1.12012
1.14847
1.14819
1.13078
1.05461
1.11521
1.16817
1.15873
1.10787
1.1586
1.12093
1.18635
1.11396
1.19893
1.18154
1.18574
1.12211
1.09548
1.10852
1.10812
1.1199
1.10302
1.16904
1.13124
1.06509
1.12281
1.08406
1.12374
1.15922
1.11607
1.115
1.09787
1.12874
1.04394
1.14201
1.12557
1.16449
1.13221
1.12884
1.11116
1.07554
1.14358
1.12482
1.09157
1.02859
1.15058
1.1126
1.13188
1.14765
1.11563
1.12817
1.22999
1.11156
1.15376
1.10578
1.19166
1.13773
1.12086
1.12481
1.13319
1.06644
1.11735
1.17417
1.13196
1.14706
1.09733
1.21372
1.13324
1.12062
1.17146
1.14636
1.09737
1.14445
1.02917
1.19833
1.12185
1.16126
1.17221
1.11985
1.13549
1.14392
1.18692
1.11964
1.13657
1.15865
1.13088
1.04586
1.09874
1.10653
1.10913
1.18845
1.15726
1.15725
1.14097
1.15586
1.11206
1.13499
1.16217
1.12321
1.18895
1.18377
1.11057
1.09252
1.15868
1.05455
1.08077
1.12708
1.13032
1.08472
1.11061
1.10294
1.10682
1.22341
1.12861
1.15093
1.1427
1.15407
1.06989
1.10476
1.16677
1.17949
1.08744
1.09487
1.17721
1.06391
1.11713
1.06268
1.10637
1.13142
1.09484
1.13394
1.11164
1.18676
1.1674
1.13147
1.17582
1.10623
1.08222
1.12643
1.16327
1.11029
1.16505
1.15504
1.12686
1.18631
1.18733
1.10378
1.24438
1.13241
1.20812
1.17562
1.14433
1.12066
1.13423
1.10873
1.09614
1.1687
1.1778
1.05718
1.09111
1.15156
1.13437
1.16451
1.09302
1.09734
1.16242
1.07841
1.15925
1.19257
1.09099
1.10309
1.18643
1.12411
1.13261
1.1504
1.10906
1.14856
1.16659
1.07272
1.12288
1.13713
1.11107
1.15835
1.14114
1.10724
1.04228
1.19455
1.12005
1.15569
1.15312
1.16782
1.00799
1.14326
1.08434
1.14747
1.11753
1.17774
1.13529
1.1554
1.25531
1.10585
1.1607
1.11122
1.08173
1.0807
1.1417
1.12209
1.0714
1.15419
1.14301
1.14429
1.13148
1.15121
1.13517
1.13329
1.20327
1.11948
1.09297
1.11953
1.09067
1.13104
1.11313
1.20779
1.20029
1.11741
1.1407
1.15497
1.12391
1.09543
1.14345
1.15062
1.09866
1.1481
1.10781
1.15043
1.17407
1.15184
1.12177
1.19027
1.14922
1.12818
1.16028
1.09763
1.14171
1.16766
1.17151
1.12932
1.08426
1.13663
1.09356
1.08388
1.18546
1.05914
1.15296
1.09669
1.18513
1.11226
1.05655
1.1623
1.0817
1.09658
1.06857
1.10135
1.15996
1.03897
1.05459
1.15844
1.12705
1.09046
1.05688
1.14078
1.20171
1.15112
1.16161
1.03389
1.10833
1.24025
1.14015
1.1286
1.15518
1.13391
1.13116
1.10697
1.16851
1.1284
1.09607
1.12281
1.12631
1.16485
1.03519
1.12264
1.15025
1.15582
1.14076
1.15563
1.12441
1.14909
1.14176
1.06518
1.12301
1.15176
1.14458
1.07937
1.12316
1.14723
1.10803
1.13892
1.09773
1.1353
1.17915
1.15456
1.15803
1.10798
1.15844
1.14245
1.17663
1.19057
1.13444
1.16356
1.14409
1.18197
1.03543
1.12083
1.13358
1.12118
1.10367
1.13619
1.0673
1.14783
1.09272
1.14466
1.10049
1.1649
1.08224
1.16661
1.13515
1.18094
1.12212
1.10656
1.09331
1.14985
1.1011
1.13486
1.10806
1.17089
1.1364
1.10596
1.1697
1.06702
1.14882
1.17218
1.10699
1.1423
1.11963
1.13458
1.15014
1.18208
1.07383
1.15417
1.11965
1.11238
1.11951
1.25627
1.15103
1.16376
1.09748
1.18318
1.10275
1.11252
1.15747
1.06974
1.10323
1.14957
1.15292
1.15013
1.10326
1.12115
1.13497
1.15571
1.11781
1.16079
1.01938
1.03107
1.17534
1.16738
1.21727
1.00682
1.07414
1.14516
1.1041
1.06446
1.19635
1.18696
1.18916
1.10372
1.15359
1.10211
1.11983
1.12882
1.10447
1.08908
1.21243
1.18442
1.17428
1.13939
1.13357
1.12371
1.0809
1.15383
1.06151
1.07058
1.09763
1.17198
1.08273
1.14265
1.1588
1.13514
1.12956
1.1643
1.10855
1.13964
1.14744
1.20376
1.13003
1.08037
1.11669
1.18636
1.19852
1.13111
1.13657
1.06808
1.1539
1.1741
1.23906
1.14706
1.09617
1.1657
1.2181
1.14387
1.08503
1.1116
1.16235
1.13461
1.17569
1.19011
1.12854
1.1596
1.14841
1.12263
1.14815
1.09169
1.1129
1.16825
1.13569
1.13759
1.18032
1.11262
1.1369
1.14499
1.12305
1.1101
1.17596
1.15626
1.16582
1.11181
1.12926
1.09487
1.09325
1.15815
1.14567
1.1679
1.10855
1.15199
1.17383
1.08416
1.10584
1.10579
1.10945
1.18307
1.15422
1.09468
1.15228
1.16367
1.20239
1.18638
1.12474
1.10428
1.09022
1.0702
1.17523
1.08526
1.10767
1.07557
1.14522
1.1228
1.10434
1.15371
1.19708
1.17166
1.17746
1.15549
1.12366
1.12179
1.12873
1.10399
1.14471
1.14513
1.14929
1.19287
1.19428
1.07006
1.19571
1.12477
1.11929
1.11308
1.05551
1.06268
1.08552
1.10573
1.12413
1.08735
1.11256
1.19174
1.05506
1.122
1.17454
1.18413
1.2006
1.0967
1.14084
1.10887
1.08578
1.19076
1.13716
1.1294
1.12295
1.11001
1.12792
1.17702
1.14092
1.17014
1.14889
1.21335
1.12117
1.18474
1.03354
1.18585
1.10936
1.11169
1.12708
1.15843
1.10514
1.11798
1.12544
1.09415
1.145
1.11753
1.23912
1.12307
1.17453
1.12416
1.09868
1.12235
1.20791
1.14676
1.16167
1.14515
1.17677
1.07841
1.09899
1.16385
1.10245
1.11324
1.11804
1.21283
1.14637
1.0658
1.10581
1.08763
1.08065
1.12774
1.17372
1.09268
1.13247
1.17708
1.16017
1.14198
1.13066
1.06248
1.14297
1.19738
1.13212
1.12327
1.16206
1.12279
1.09305
1.118
1.10358
1.09861
1.12987
1.08212
1.14597
1.0991
1.06953
1.13484
1.09506
1.16107
1.15088
1.2083
1.15302
1.11973
1.25295
1.18669
1.07353
1.10207
1.08666
1.1435
1.08439
1.06261
1.10237
1.15405
1.05974
1.06911
1.1199
1.14007
1.12369
1.13973
1.18282
1.13971
1.16318
1.11568
1.14003
1.20628
1.13793
1.00914
1.131
1.17458
1.20102
1.11463
1.07235
1.17347
1.13337
1.12499
1.13764
1.09992
1.11503
1.1633
1.18205
1.18308
1.12298
1.11452
1.11156
1.12216
1.23527
1.19544
1.12075
1.1176
1.17567
1.13379
1.11495
1.05924
1.06593
1.10339
1.10175
1.16371
1.1061
1.18255
1.14716
1.1211
1.17235
1.14906
1.09411
1.15948
1.23301
1.12554
1.17649
1.06226
1.16501
1.15418
1.10746
1.10347
1.16381
1.12507
1.10592
1.14739
1.06566
1.14752
1.16832
1.11541
1.04099
1.13841
1.16015
1.09573
1.10987
1.21619
1.12612
1.1706
1.07272
1.12518
1.16189
1.10154
1.12226
1.13953
1.13981
1.15401
1.14478
1.17081
1.09126
1.13788
1.14007
1.16318
1.17629
1.17717
1.14181
1.17042
1.05668
1.10973
1.13615
1.20298
1.0508
1.09558
1.0937
1.12847
1.15395
1.12745
1.15636
1.18863
1.06323
1.10369
1.17844
1.12518
1.08231
1.15192
1.15713
1.12183
1.1574
1.16173
1.16053
1.16964
1.16976
1.12669
1.12757
1.02532
1.09915
1.20173
1.13887
1.18644
1.17124
1.12769
1.13579
1.17941
1.15386
1.13295
1.15685
1.13644
1.17242
1.13116
1.12651
1.14746
1.12882
1.1052
1.13237
1.10878
1.07737
1.14269
1.24264
1.11017
1.13826
1.18601
1.12716
1.15683
1.1659
1.15721
1.15689
1.17409
1.15388
1.15509
1.09597
1.13978
1.10278
1.08829
1.08653
1.18237
1.09498
1.03949
1.13168
1.11866
1.09594
1.09244
1.14868
1.16824
1.17958
1.12679
1.0827
1.11999
1.10077
1.20458
1.14668
1.16721
1.15054
1.17693
1.16758
1.13679
1.1655
1.16532
1.0519
1.12389
1.15089
1.05941
1.18682
1.08805
1.10267
1.13081
1.11667
1.10468
1.06532
1.16137
1.18114
1.06684
1.0895
1.19342
1.14096
1.11177
1.14819
1.12719
1.16634
1.16247
1.19659
1.07646
1.1204
1.12121
1.14873
1.14677
1.12314
1.18889
1.08746
1.1201
1.14862
1.12849
1.19692
1.16424
1.14184
1.14014
1.13672
1.07784
1.10702
1.10816
1.14338
1.17719
1.09573
1.10702
1.16121
1.12996
1.12964
1.10548
1.11675
1.08276
1.1323
1.05397
1.07164
1.16621
1.12514
1.09982
1.13271
1.10123
1.16512
1.11342
1.19731
1.20582
1.0925
1.14336
1.09686
1.08955
1.12113
1.13823
1.16644
1.13427
1.08574
1.15244
1.16595
1.07201
1.18869
1.17041
1.17741
1.1006
1.12219
1.11576
1.17031
1.18377
1.1527
1.19132
1.12867
1.18272
1.11167
1.10076
1.12953
1.06815
1.16776
1.10635
1.11211
1.16235
1.1398
1.12726
1.09711
1.17453
1.0859
1.13165
1.12563
1.12257
1.15052
1.11932
1.18056
1.11858
1.17893
1.12137
1.16695
1.13197
1.08418
1.13649
1.14159
1.13893
1.1065
1.08523
1.12344
1.11786
1.15877
1.10774
1.09814
1.14346
1.14844
1.10561
1.1533
1.12841
1.13813
1.15275
1.0944
1.2292
1.16811
1.1703
1.13447
1.05957
1.11941
1.23689
1.15935
1.17034
1.12879
1.1643
1.08545
1.09575
1.15767
1.18089
1.1933
1.16628
1.21944
1.21732
1.15296
1.16723
1.10683
1.14568
1.08443
1.13738
1.19804
1.10856
1.14194
1.16509
1.12801
1.09685
1.11767
1.19715
1.18798
1.17184
1.16744
1.11688
1.12487
1.20777
1.15045
1.10437
1.09055
1.16055
1.15946
1.14521
1.17206
1.19764
1.13604
1.15079
1.11061
1.16679
1.1613
1.12594
1.14069
1.14576
1.06863
1.09351
1.11146
1.14648
1.13814
1.14225
1.18069
1.13229
1.15873
1.11017
1.12093
1.09959
1.1142
1.18036
1.17441
1.14989
1.10089
1.11897
1.12528
1.11657
1.1423
1.14247
1.15089
1.09512
1.17163
1.19868
1.1403
1.11169
1.24225
1.13075
1.07972
1.09881
1.13263
1.14058
1.07146
1.10277
1.06346
1.14407
1.11607
1.04984
1.15299
1.07476
1.18243
1.1595
1.20514
1.07154
1.12651
1.12879
1.11812
1.12646
1.12296
1.10156
1.11547
1.12625
1.14468
1.14388
1.18574
1.16564
1.16423
1.1269
1.13498
1.14846
1.10694
1.17978
1.10664
1.12937
1.17675
1.07901
1.24248
1.14541
1.16868
1.08568
1.11481
1.12953
1.16855
1.06829
1.13715
1.15616
1.10166
1.11917
1.19999
1.13342
1.20025
1.11623
1.12144
1.10711
1.11036
1.11639
1.13919
1.11474
1.08497
1.08199
1.12614
1.145
1.15846
1.28561
1.16513
1.16156
1.07725
1.14923
1.09788
1.09663
1.10866
1.16622
1.11852
1.12896
1.09318
1.15171
1.18977
1.18264
1.1476
1.06102
1.15889
1.09687
1.13332
1.09409
1.10174
1.08895
1.16471
1.13701
1.20281
1.10304
1.15652
1.10717
1.17532
1.14154
1.13344
1.08558
1.16872
1.19861
1.17231
1.14925
1.16491
1.07489
1.14846
1.13289
1.13062
1.19625
1.0666
1.05488
1.21689
1.12926
1.15623
1.16308
1.02613
1.12932
1.08296
1.14314
1.1612
1.09274
1.16567
1.17826
1.09476
1.12698
1.05036
1.1338
1.14632
1.15903
1.14563
1.10911
1.13109
1.14171
1.15744
1.17452
1.14733
1.13543
1.14533
1.10774
1.13927
1.06922
1.14531
1.1093
1.11986
1.11393
1.14681
1.17727
1.19002
1.14385
1.17081
1.14557
1.0791
1.11868
1.12251
1.14414
1.10745
1.14184
1.15072
1.14176
1.10548
1.1749
1.16563
1.14303
1.11114
1.0699
1.11595
1.1419
1.11963
1.21441
1.1177
1.03926
1.07585
1.1503
1.08887
1.11503
1.18706
1.0929
1.12815
1.10222
1.17605
1.14858
1.15529
1.10871
1.13457
1.14475
1.0731
1.17503
1.13287
1.13216
1.0778
1.1504
1.12237
1.17429
1.14361
1.19187
1.07339
1.13432
1.18929
1.15036
1.21798
1.09329
1.12274
1.03365
1.14648
1.14767
1.15024
1.13791
1.0508
1.11081
1.15716
1.10358
1.16116
1.10853
1.14155
1.10186
1.14
1.15182
1.13052
1.16838
1.11719
1.12755
1.14242
1.12914
1.16699
1.01587
1.12241
1.16001
1.16225
1.06155
1.07327
1.15877
1.12706
1.21347
1.13425
1.10183
1.15641
1.12961
1.0893
1.13035
1.18541
1.19012
1.11857
1.16143
1.10529
1.11063
1.10512
1.24352
1.15197
1.1118
1.08018
1.15073
1.16157
1.19945
1.17835
1.12688
1.12131
1.11849
1.05624
1.10816
1.10717
1.17423
1.04867
1.13018
1.0704
1.11944
1.14732
1.09948
1.15147
1.13774
1.11791
1.1754
1.09324
1.11626
1.10158
1.19899
1.12226
1.1864
1.10678
1.13542
1.12651
1.11877
1.08562
1.16872
1.07383
1.15122
1.12113
1.15522
1.07654
1.19528
1.08276
1.10693
1.14536
1.11141
1.1748
1.07019
1.11147
1.15192
1.14835
1.14552
1.21434
1.16711
1.15508
1.12255
1.10683
1.16896
1.10356
1.16028
1.179
1.10135
1.06632
1.16533
1.0675
1.17279
1.10586
1.09407
1.13509
1.12104
1.06185
1.13605
1.13297
1.13931
1.15129
1.13128
1.1591
1.11219
1.15406
1.11305
1.19079
1.00712
1.08274
1.1344
1.11622
1.08175
1.17404
1.08554
1.13393
1.20097
1.14482
1.13172
1.16441
1.15507
1.11354
1.09061
1.13324
1.05217
1.12682
1.21934
1.10877
1.16311
1.10837
1.09907
1.12801
1.14808
1.16912
1.13367
1.16241
1.10548
1.06856
1.21476
1.10147
1.09796
1.13555
1.08964
1.07177
1.08963
1.08894
1.11704
1.09251
1.14065
1.15804
1.08641
1.16169
1.11498
1.14674
1.16922
1.14273
1.16688
1.16453
1.1353
1.07764
1.11241
1.14512
1.13383
1.07468
1.1264
1.10408
1.17381
1.07797
1.18863
1.12153
1.10719
1.10503
1.15689
1.11901
1.16867
1.14962
1.09458
1.1833
1.20044
1.219
1.09601
1.1938
1.11935
1.15083
1.10099
1.10842
1.10372
1.12268
1.12702
1.048
1.07226
1.1086
1.16966
1.11689
1.16102
1.21884
1.10732
1.15608
1.17938
1.07459
1.1212
1.14443
1.11081
1.14901
1.15833
1.09012
1.23001
1.08925
1.18738
1.16789
1.22902
1.16817
1.12661
1.13231
1.12625
1.10031
1.07684
1.14383
1.11528
1.13527
1.16187
1.17858
1.18858
1.11446
1.1759
1.12549
1.12263
1.10526
1.0413
1.17887
1.1456
1.07629
1.15048
1.15035
1.09524
1.14337
1.16047
1.1455
1.09875
1.24869
1.11861
1.15987
1.14621
1.12759
1.14037
1.10504
1.13953
1.13297
1.08811
1.13294
1.15158
1.09861
1.11261
1.11442
1.14095
1.17768
1.08723
1.15625
1.1599
1.13152
1.13021
1.15353
1.11209
1.23008
1.06579
1.13587
1.1041
1.10657
1.1314
1.10436
1.11788
1.16081
1.08036
1.07958
1.15207
1.10507
1.09793
1.12851
1.1272
1.10684
1.14383
1.12106
1.1356
1.15716
1.0503
1.10032
1.11953
1.07797
1.13654
1.17024
1.14132
1.15125
1.05896
1.17196
1.20892
1.13049
1.13791
1.1645
1.09508
1.15156
1.13028
1.08503
1.13514
1.15128
1.11271
1.13283
1.08866
1.18298
1.10302
1.2067
1.08034
1.17911
1.07755
1.11066
1.12875
1.11218
1.17599
1.13942
1.13017
1.14363
1.06787
1.13998
1.19652
1.17492
1.14978
1.16691
1.17501
1.15795
1.15615
1.17699
1.15405
1.1057
1.17192
1.15517
1.16565
1.13199
1.16047
1.08076
1.13865
1.14508
1.12057
1.12973
1.16555
1.02314
1.11845
1.07503
1.14198
1.04842
1.14144
1.08752
1.23031
1.0897
1.1361
1.20718
1.08325
1.12067
1.16619
1.11702
1.14082
1.17869
1.14871
1.08872
1.07896
1.19068
1.21963
1.2061
1.12026
1.21437
1.05747
1.08584
1.11224
1.17861
1.09542
1.13351
1.19726
1.18022
1.1111
1.16257
1.15974
1.19701
1.1909
1.15099
1.15005
1.16463
1.16912
1.11902
1.1368
1.13407
1.12684
1.0809
1.18549
1.09983
1.12274
1.13389
1.03285
1.13035
1.0895
1.14287
1.11521
1.15723
1.15492
1.19029
1.06256
1.10823
1.10478
1.14773
1.16525
1.10054
1.13068
1.14269
1.16936
1.21999
1.19076
1.10429
1.10992
1.13882
1.13848
1.14164
1.13208
1.12496
1.09962
1.16468
1.10026
1.14584
1.07433
1.20485
1.18341
1.17801
1.08426
1.15493
1.05752
1.1303
1.17472
1.14827
1.10688
1.22963
1.15132
1.20456
1.09361
1.05585
1.13945
1.15453
1.12049
1.13708
1.14945
1.08608
1.09472
1.20347
1.1696
1.09728
1.01907
1.1439
1.14548
1.09978
1.19397
1.12142
1.24986
1.16899
1.15928
1.1898
1.18085
1.15863
1.15551
1.10506
1.12976
1.21602
1.16837
1.05976
1.1296
1.15633
1.216
1.06028
1.10955
1.12224
1.1531
1.20751
1.13525
1.18754
1.09832
1.15063
1.09898
1.04682
1.21303
1.10434
1.12147
1.08865
1.13848
1.18925
1.1346
1.11743
1.16161
1.20082
1.18414
1.16339
1.1163
1.04858
1.07808
1.15226
1.15263
1.09779
1.1034
1.10806
1.146
1.14897
1.19817
1.1507
1.09691
1.08477
1.17096
1.08803
1.16033
1.09364
1.14384
1.12626
1.18028
1.12074
1.18178
1.16807
1.09174
1.1286
1.14463
1.10785
1.1469
1.14082
1.12368
1.12281
1.15142
1.14415
1.09067
1.15223
1.11306
1.13398
1.11774
1.11099
1.15607
1.07898
1.0812
1.19672
1.10805
1.1441
1.14947
1.11567
1.11132
1.11012
1.15204
1.12901
1.08186
1.10547
1.14797
1.13696
1.14265
1.18939
1.09054
1.15367
1.12099
1.14674
1.10663
1.07857
1.17091
1.0467
1.15231
1.1151
1.17886
1.17229
1.16341
1.13416
1.1429
1.05832
1.12245
1.16275
1.17449
1.15842
1.15337
1.12708
1.17897
1.1565
1.11969
1.15276
1.08855
1.08265
1.16646
1.15261
1.10271
1.09491
1.10404
1.17861
1.2323
1.14652
1.18813
1.14027
1.09314
1.19942
1.16645
1.17962
1.1429
1.15685
1.15547
1.14081
1.05566
1.15904
1.1323
1.17862
1.15502
1.05967
1.17434
1.13219
1.18385
1.13602
1.15466
1.1386
1.15793
1.09926
1.10967
1.1443
1.07128
1.19286
1.1551
1.14293
1.07881
1.16442
1.11123
1.20135
1.13533
1.1059
1.1808
1.05486
1.09018
1.08034
1.08239
1.16094
1.17703
1.08313
1.07909
1.09906
1.10955
1.14412
1.19772
1.11829
1.09101
1.10813
1.09394
1.05818
1.17088
1.10439
1.18557
1.11562
1.08212
1.09456
1.16266
1.12714
1.13864
1.16793
1.07588
1.16335
1.13028
1.1278
1.13002
1.08032
1.14128
1.17539
1.12995
1.18065
1.14933
1.12274
1.02995
1.16661
1.09886
1.13784
1.16653
1.18626
1.08691
1.15841
1.10431
1.16441
1.17724
1.18837
1.10018
1.11888
1.18577
1.11913
1.09228
1.09321
1.12709
1.18249
1.17241
1.19247
1.11475
1.14066
1.09222
1.18359
1.13771
1.04079
1.07573
1.12305
1.17737
1.11765
1.07509
1.169
1.21143
1.18479
1.14573
1.15421
1.11844
1.14646
1.12951
1.07772
1.1453
1.17044
1.15965
1.15005
1.10047
1.1868
1.15989
1.14031
1.1469
1.09018
1.12554
1.1731
1.20739
1.08755
1.12992
1.08834
1.11191
1.09722
1.1044
1.16806
1.12753
1.13181
1.22725
1.13334
1.10071
1.13537
1.09882
1.17172
1.15594
1.14306
1.18161
1.15784
1.18592
1.12136
1.16921
1.13644
1.08747
1.1333
1.09853
1.13999
1.16144
1.08288
1.10619
1.10319
1.13508
1.13981
1.10467
1.12183
1.15031
1.22804
1.09067
1.17183
1.1078
1.1297
1.10018
1.09996
1.0886
1.0721
1.08196
1.07261
1.10515
1.05071
1.16444
1.07922
1.14008
1.15762
1.11992
1.1953
1.09516
1.15776
1.10729
1.19092
1.20026
1.11759
1.15957
1.17635
1.06479
1.10681
1.08687
1.17595
1.12152
1.18423
1.16869
1.10134
1.13642
1.25554
1.12588
1.09182
1.16504
1.13691
1.15225
1.10566
1.08705
1.13833
1.11696
1.15827
1.1812
1.09694
1.09128
1.12199
1.17958
1.15235
1.19295
1.10866
1.13481
1.09976
1.16777
1.14684
1.1786
1.10717
1.14077
1.10984
1.10665
1.15287
1.08843
1.07468
1.08594
1.1408
1.11794
1.10371
1.14563
1.13182
1.12228
1.21321
1.12099
1.1558
1.10604
1.12065
1.13183
1.06805
1.13518
1.16512
1.15498
1.11383
1.15907
1.15924
1.08383
1.17643
1.10728
1.21376
1.11061
1.1235
1.16645
1.11329
1.09382
1.14423
1.11842
1.1669
1.13242
1.12675
1.07648
1.19471
1.10401
1.10259
1.13523
1.13107
1.20961
1.13582
1.17111
1.09434
1.11075
1.13147
1.14121
1.13509
1.13649
1.13753
1.08919
1.2016
1.16648
1.14279
1.09769
1.13542
1.11079
1.0964
1.17128
1.15074
1.1246
1.12969
1.15018
1.13465
1.09251
1.18014
1.10732
1.11838
1.17892
1.18068
1.2306
1.13048
1.1083
1.12938
1.10338
1.13783
1.17574
1.06347
1.14759
1.12796
1.15246
1.09506
1.10505
1.17342
1.15238
1.04749
1.07914
1.12517
1.09229
1.19573
1.12173
1.17607
1.09899
1.15996
1.14111
1.1036
1.05877
1.10008
1.15858
1.16091
1.20291
1.09356
1.11836
1.13264
1.21054
1.1243
1.0847
1.14957
1.12445
1.09934
1.17164
1.16937
1.09804
1.17588
1.16204
1.10685
1.12754
1.17177
1.13787
1.11216
1.138
1.0875
1.15266
1.17373
1.14929
1.08188
1.15415
1.13665
1.15091
1.0565
1.07825
1.12388
1.05401
1.10067
1.14523
1.13032
1.10404
1.22435
1.10059
1.14985
1.18912
1.17973
1.16239
1.12018
1.17201
1.08879
1.07683
1.17526
1.18301
1.13173
1.14352
1.10205
1.07178
1.1437
1.18226
1.14966
1.09886
1.11921
1.12096
1.16546
1.1684
1.0912
1.08196
1.14939
1.13247
1.1138
1.13247
1.14981
1.08086
1.11189
1.1302
1.14553
1.09959
1.16036
1.13375
1.09238
1.1348
1.08019
1.10605
1.1134
1.13444
1.12048
1.14554
1.12259
1.1706
1.14723
1.11394
1.0786
1.08775
1.15538
1.03431
1.11434
1.16946
1.13772
1.09697
1.2463
1.1344
1.03505
1.13032
1.13449
1.1458
1.08293
1.1316
1.08573
1.1415
1.07633
1.13508
1.09858
1.14912
1.1356
1.12917
1.11344
1.22119
1.08966
1.13025
1.09699
1.15154
1.14744
1.12617
1.04686
1.12987
1.14324
1.12183
1.10974
1.20436
1.1244
1.08626
1.17996
1.14255
1.17853
1.10115
1.09378
1.18011
1.19681
1.15354
1.16439
1.20575
1.0766
1.12684
1.09382
1.12073
1.12312
1.10715
1.13483
1.09138
1.14652
1.17236
1.11003
1.10675
1.11401
1.1349
1.13905
1.17325
1.08889
1.16638
1.15401
1.07948
1.19671
1.11829
1.17378
1.12748
1.14272
1.1593
1.13357
1.09433
1.08489
1.12494
1.12461
1.11496
1.12607
1.11113
1.18628
1.1624
1.12139
1.18717
1.0562
1.10951
1.06728
1.13479
1.12119
1.12147
1.14038
1.18234
1.10255
1.13098
1.14748
1.11153
1.15934
1.1179
1.14982
1.20355
1.15413
1.1591
1.17045
1.16209
1.16645
1.16573
1.15648
1.15938
1.13022
1.10627
1.21669
1.11943
1.16955
1.06543
1.08172
1.11509
1.12881
1.15764
1.13204
1.14736
1.06658
1.08538
1.18547
1.12755
1.16207
1.09123
1.12565
1.1334
1.16398
1.1299
1.21604
1.14052
1.16632
1.1316
1.14037
1.1419
1.09263
1.0305
1.1424
1.08763
1.1673
1.15772
1.13337
1.15296
1.0918
1.16022
1.14393
1.17854
1.20327
1.16643
1.14528
1.17526
1.16178
1.07153
1.15372
1.05903
1.10237
1.14663
1.15287
1.15696
1.1309
1.09567
1.15903
1.13862
1.11931
1.11264
1.12212
1.14088
1.2033
1.11295
1.1131
1.15185
1.12217
1.19731
1.14812
1.11279
1.13411
1.14731
1.08396
1.10354
1.09761
1.05782
1.10903
1.15679
1.1773
1.12381
1.16072
1.04853
1.15106
1.16071
1.12813
1.14314
1.11767
1.11088
1.21385
1.15261
1.14635
1.11636
1.06215
1.07495
1.14096
1.10747
1.09775
1.16744
1.16913
1.1384
1.15717
1.1548
1.1438
1.10372
1.16645
1.16457
1.15591
1.14843
1.11694
1.09392
1.1195
1.13494
1.1706
1.18944
1.05636
1.10185
1.14677
1.10947
1.15114
1.16292
1.1665
1.10671
1.18484
1.13313
1.13107
1.08149
1.09685
1.10212
1.13223
1.10871
1.12583
1.18458
1.15308
1.10217
1.08324
1.1546
1.12468
1.11802
1.22619
1.12234
1.10031
1.13306
1.12456
1.17303
1.13997
1.06539
1.11734
1.07838
1.11687
1.12164
1.14106
1.15453
1.06336
1.15231
1.09515
1.13515
1.12337
1.14051
1.12152
1.16465
1.19729
1.13714
1.08392
1.17059
1.06829
1.15489
1.17493
1.12007
1.12986
1.16628
1.06558
1.08372
1.14086
1.13556
1.06613
1.14496
1.17978
1.18304
1.11453
1.07417
1.1087
1.16861
1.1779
1.06062
1.18141
1.1269
1.18267
1.12916
1.13556
1.09708
1.14434
1.19112
1.1224
1.12494
1.20288
1.16769
1.15126
1.10356
1.13844
1.08772
1.16339
1.12023
1.13708
1.15152
1.17332
1.11174
1.08108
1.14905
1.19517
1.11505
1.15602
1.10262
1.08487
1.11686
1.1511
1.14034
1.15248
1.13075
1.11053
1.07503
1.16242
1.1174
1.07816
1.18174
1.18419
1.1469
1.12593
1.12691
1.20801
1.1112
1.15753
1.18403
1.18191
1.11899
1.14146
1.11454
1.0835
1.16992
1.12434
1.16418
1.0892
1.13003
1.17996
1.13441
1.17071
1.10706
1.10437
1.14476
1.15366
1.16001
1.14728
1.06925
1.15425
1.11352
1.14495
1.09311
1.11554
1.11506
1.13075
1.13546
1.08978
1.09523
1.16858
1.08922
1.14832
1.07555
1.1708
1.14202
1.18124
1.12961
1.09981
1.16
1.16176
1.09192
1.07335
1.11821
1.10254
1.1461
1.17898
1.16666
1.13404
1.14975
1.1813
1.19929
1.06535
1.09001
1.07812
1.11344
1.06833
1.09127
1.11607
1.11057
1.10919
1.16073
1.15324
1.17646
1.11027
1.0813
1.15069
1.13248
1.13379
1.15174
1.09593
1.17531
1.07318
1.09409
1.19805
1.10299
1.14722
1.1796
1.15404
1.10805
1.17611
1.12904
1.07159
1.09921
1.13701
1.14603
1.02696
1.11634
1.21532
1.10862
1.1902
1.17372
1.17197
1.12472
1.09496
1.13993
1.11655
1.16365
1.10668
1.12328
1.1163
1.06497
1.13573
1.13771
1.15884
1.1852
1.1119
1.1123
1.12833
1.17805
1.07174
1.16207
1.12491
1.16676
1.09043
1.1241
1.12997
1.12298
1.13166
1.19468
1.16141
1.12932
1.11688
1.20504
1.13712
1.12519
1.23738
1.10997
1.10867
1.13038
1.13325
1.12196
1.1179
1.10622
1.12563
1.06837
1.10601
1.11115
1.13732
1.14422
1.19685
1.10195
1.13428
1.14345
1.09614
1.15845
1.10206
1.1434
1.11121
1.16706
1.14082
1.11588
1.10666
1.14138
1.13786
1.0731
1.12226
1.14161
1.14122
1.11214
1.07834
1.18233
1.13197
1.15479
1.15193
1.16818
1.12904
1.15973
1.11564
1.04373
1.11864
1.15497
1.15875
1.18114
1.13126
1.12085
1.13751
1.11819
1.17235
1.11318
1.10038
1.14704
1.13837
1.21683
1.14326
1.1453
1.16248
1.12069
1.12929
1.16774
1.18315
1.08732
1.11227
1.10384
1.13268
1.14957
1.17253
1.10055
1.16545
1.17195
1.12985
1.20827
1.13942
1.16941
1.13705
1.17218
1.10878
1.09504
1.09911
1.13075
1.18612
1.14299
1.12769
1.12343
1.12863
1.08928
1.13971
1.15429
1.1217
1.14496
1.23968
1.10288
1.15181
1.10807
1.08653
1.14106
1.07605
1.13508
1.17639
1.19563
1.1482
1.03896
1.10596
1.18776
1.12426
1.08192
1.13775
1.14983
1.06432
1.1692
1.17626
1.16469
1.13732
1.16092
1.12822
1.21894
1.14392
1.10358
1.08361
1.09394
1.11277
1.14222
1.12305
1.1123
1.11829
1.15403
1.09557
1.10588
1.10542
1.19283
1.13965
1.13034
1.14349
1.11506
1.08782
1.18615
1.09238
1.15852
1.13159
1.15139
1.1083
1.12083
1.10943
1.22855
1.19899
1.20269
1.17168
1.1408
1.12852
1.15336
1.12097
1.10788
1.08342
1.20911
1.14238
1.14994
1.1103
1.18612
1.11936
1.12205
1.26557
1.12607
1.12555
1.15284
1.10912
1.18207
1.21672
1.11617
1.16457
1.1693
1.15937
1.13749
1.07862
1.20791
1.11933
1.13195
1.05784
1.11178
1.19432
1.09929
1.20618
1.12743
1.14404
1.14054
1.14265
1.13774
1.07948
1.10293
1.12733
1.07103
1.13077
1.21745
1.11056
1.17867
1.11292
1.15031
1.17135
1.13222
1.15516
1.12284
1.18983
1.15401
1.17903
1.12754
1.10007
1.19981
1.11106
1.09246
1.14813
1.15021
1.0863
1.18566
1.10932
1.16285
1.10344
1.09929
1.19795
1.13953
1.16225
1.158
1.01113
1.08309
1.15055
1.11959
1.14716
1.18256
1.10096
1.13258
1.08137
1.12602
1.2191
1.09714
1.17048
1.0788
1.15814
1.08123
1.18796
1.18163
1.12776
1.10689
1.15603
1.13614
1.21302
1.09819
1.12889
1.1264
1.14595
1.05604
1.09667
1.05314
1.0594
1.07855
1.10568
1.15079
1.11191
1.13144
1.12572
1.15568
1.13682
1.07311
1.12833
1.1622
1.14123
1.14888
1.13971
1.20076
1.14594
1.12489
1.15024
1.18231
1.10365
1.13564
1.13295
1.13321
1.06304
1.11554
1.11495
1.10924
1.14229
1.16162
1.08966
1.18868
1.21954
1.16096
1.12785
1.12212
1.06075
1.07096
1.11041
1.14864
1.09879
1.0892
1.10899
1.10306
1.16447
1.17544
1.0633
1.157
1.11622
1.19346
1.16421
1.14354
1.10854
1.10168
1.13358
1.17271
1.12323
1.16446
1.03688
1.18475
1.17106
1.09402
1.08602
1.17522
1.15516
1.02837
1.12332
1.15364
1.11729
1.11368
1.08846
1.12324
1.10986
1.16851
1.13934
1.12858
1.16982
1.1368
1.14846
1.13328
1.06929
1.2107
1.1294
1.06333
1.11465
1.06727
1.13249
1.15012
1.17614
1.13492
1.16501
1.14186
1.0665
1.16129
1.15478
1.02968
1.17745
1.14561
1.11078
1.12098
1.13014
1.12262
1.0786
1.11281
1.2123
1.05496
1.10361
1.20151
1.14951
1.10206
1.13006
1.0526
1.14945
1.13473
1.14915
1.18603
1.13399
1.08059
1.1771
1.13222
1.20848
1.21661
1.06352
1.12522
1.19873
1.13715
1.14439
1.10354
1.15841
1.14563
1.13734
1.10426
1.18342
1.17111
1.07762
1.09892
1.11882
1.09272
1.15403
1.13087
1.11154
1.1042
1.10964
1.1715
1.15449
1.16712
1.1154
1.13217
1.09432
1.15533
1.15395
1.06508
1.06625
1.12856
1.15656
1.07238
1.14582
1.18186
1.18325
1.12613
1.16608
1.21229
1.1045
1.11251
1.13597
1.10018
1.07465
1.1225
1.11231
1.18668
1.16273
1.11119
1.10289
1.09127
1.12036
1.08009
1.18446
1.12898
1.21524
1.17026
1.14407
1.10652
1.22717
1.14087
1.09072
1.09407
1.09518
1.18587
1.11077
1.18223
1.1398
1.13216
1.17015
1.1059
1.14642
1.11259
1.09917
1.10176
1.05733
1.10221
1.1624
1.05943
1.14738
1.10853
1.1076
1.17195
1.12671
1.22743
1.11468
1.0619
1.13944
1.1356
1.12337
1.12537
1.17819
1.19671
1.15099
1.09218
1.1375
1.08001
1.15522
1.19965
1.12317
1.17937
1.15417
1.14247
1.12838
1.1241
1.13423
1.13147
1.09294
1.17703
1.10469
1.15695
1.12828
1.08988
1.15937
1.21401
1.12976
1.09363
1.15688
1.18628
1.18026
1.18098
1.11046
1.16968
1.11024
1.10129
1.08097
1.14957
1.18307
1.12813
1.10453
1.1291
1.14954
1.09611
1.19458
1.08764
1.13532
1.1265
1.07493
1.13168
1.05829
1.14072
1.13105
1.1887
1.11842
1.13711
1.13816
1.11089
1.15441
1.13238
1.13497
1.18675
1.14913
1.18319
1.16816
1.09971
1.10567
1.12072
1.1588
1.11233
1.0979
1.14532
1.14836
1.12877
1.14592
1.07323
1.12103
1.16918
1.13658
1.12519
1.1462
1.18123
1.09604
1.12629
1.12481
1.10746
1.16228
1.1584
1.02982
1.15443
1.13925
1.16184
1.15467
1.1342
1.16238
1.12211
1.1894
1.15447
1.14381
1.21813
1.13015
1.15627
1.12841
1.19074
1.11144
1.12401
1.11882
1.06712
1.21294
1.22978
1.17709
1.07018
1.19242
1.14026
1.13689
1.05147
1.14161
1.12696
1.14588
1.13156
1.16129
1.05935
1.10509
1.11641
1.10189
1.13076
1.15756
1.11628
1.12247
1.21931
1.13252
1.19228
1.06871
1.15114
1.11728
1.15788
1.1365
1.03394
1.02172
1.07966
1.10798
1.15931
1.11026
1.1796
1.15788
1.17182
1.22555
1.18105
1.20639
1.06434
1.13999
1.09457
1.20615
1.15426
1.0876
1.1333
1.08732
1.12455
1.01874
1.09589
1.14045
1.10462
1.1582
1.16116
1.11713
1.15343
1.16982
1.14953
1.16346
1.1256
1.15669
1.13022
1.1009
1.17207
1.09202
1.18443
1.19167
1.19296
1.09615
1.16082
1.13401
1.12015
1.19035
1.08607
1.09995
1.1022
1.13992
1.0589
1.12474
1.12501
1.1354
1.11728
1.17106
1.16707
1.16728
1.11751
1.17177
1.19821
1.183
1.06952
1.19897
1.11974
1.1209
1.19978
1.14428
1.13521
1.15391
1.07814
1.1644
1.1713
1.14967
1.12268
1.15228
1.12815
1.12695
1.11741
1.10019
1.05942
1.15104
1.18692
1.13905
1.13722
1.15821
1.13086
1.15696
1.06875
1.15796
1.13605
1.08897
1.1643
1.12432
1.14209
1.17567
1.1046
1.14987
1.17721
1.10323
1.14947
1.20005
1.13224
1.05417
1.13072
1.08725
1.16003
1.07629
1.16654
1.15343
1.17055
1.07935
1.13001
1.07074
1.07579
1.11032
1.05592
1.12829
1.02607
1.10981
1.18792
1.12769
1.12157
1.08633
1.07403
1.16339
1.13405
1.12484
1.15058
1.13207
1.11311
1.11731
1.083
1.14346
1.07269
1.09735
1.16128
1.14077
1.1904
1.17354
1.06771
1.08329
1.15872
1.17369
1.09722
1.13793
1.14445
1.11205
1.13317
1.07797
1.09676
1.17778
1.11289
1.09474
1.13092
1.18741
1.14255
1.12696
1.10025
1.09056
1.13619
1.11355
1.06532
1.14705
1.10856
1.14755
1.21749
1.10714
1.11544
1.12419
1.14778
1.16056
1.14068
1.12726
1.15274
1.16322
1.09204
1.10319
1.1817
1.12442
1.22372
1.1281
1.07793
1.14551
1.15054
1.11863
1.08899
1.15564
1.20711
1.17322
1.09392
1.11624
1.15453
1.04744
1.09843
1.12136
1.08071
1.13091
1.13647
1.14433
1.1362
1.15654
1.15072
1.16851
1.12973
1.12744
1.16103
1.10653
1.0961
1.10476
1.14176
1.04259
1.03662
1.08519
1.13895
1.12554
1.0798
1.09948
1.07734
1.1314
1.12942
1.06689
1.21988
1.06421
1.11207
1.04529
1.08383
1.27831
1.15863
1.19068
1.1119
1.14126
1.14456
1.11677
1.14643
1.12154
1.10904
1.16404
1.16522
1.15472
1.09699
1.13832
1.13445
1.10633
1.12722
1.08667
1.14157
1.10092
1.15508
1.14954
1.12484
1.18695
1.10655
1.10279
1.14805
1.13703
1.16972
1.13117
1.10551
1.09505
1.1139
1.10958
1.09832
1.13488
1.11145
1.14788
1.18128
1.10219
1.12878
1.15276
1.08987
1.07005
1.12338
1.05917
1.14575
1.11167
1.13518
1.15259
1.10373
1.13058
1.14435
1.13927
1.11104
1.08155
1.1019
1.17838
1.12458
1.11939
1.12074
1.1643
1.15906
1.18247
1.12988
1.13646
1.07723
1.08552
1.0706
1.07455
1.12455
1.16635
1.18295
1.17842
1.09926
1.12109
1.09565
1.13272
1.11359
1.12699
1.12735
1.12345
1.12621
1.16559
1.12151
1.17693
1.10894
1.16555
1.09808
1.13484
1.09684
1.1401
1.13194
1.15327
1.15804
1.1712
1.11613
1.12666
1.07331
1.13
1.21206
1.24406
1.16349
1.13992
1.11051
1.15423
1.04362
1.12463
1.06106
1.16224
1.08254
1.13664
1.15938
1.13478
1.15893
1.18301
1.11892
1.22112
1.15219
1.13498
1.10413
1.05202
1.13553
1.14771
1.06123
1.23896
1.15107
1.11993
1.13642
1.17183
1.14612
1.10159
1.1452
1.12287
1.09114
1.17975
1.0736
1.17941
1.10082
1.13353
1.07532
1.14942
1.15303
1.18098
1.15762
1.11414
1.13899
1.09754
1.10796
1.11031
1.11179
1.14243
1.12208
1.06393
1.14822
1.07358
1.07208
1.14269
1.12431
1.13064
1.16576
1.12165
1.16976
1.11698
1.11224
1.14413
1.15399
1.16
1.11457
1.16727
1.10504
1.19105
1.1189
1.12915
1.08125
1.17606
1.15248
1.16971
1.17088
1.10323
1.13595
1.14722
1.15629
1.10386
1.18347
1.18853
1.12801
1.11106
1.12834
1.16431
1.21371
1.07136
1.09419
1.1773
1.15353
1.09973
1.13758
1.18509
1.18024
1.14439
1.14265
1.14072
1.11266
1.15468
1.07167
1.10714
1.0438
1.14096
1.09046
1.08253
1.1435
1.13961
1.22039
1.0835
1.14976
1.1396
1.11121
1.19529
1.118
1.13338
1.11919
1.12049
1.15279
1.09125
1.13775
1.15563
1.13769
1.12603
1.09399
1.09381
1.11741
1.17602
1.20318
1.13982
1.09467
1.13077
1.20081
1.19571
1.14342
1.1232
1.15425
1.09064
1.13348
1.09385
1.10003
1.15084
1.09436
1.20013
1.11369
1.09216
1.21126
1.11384
1.08016
1.13675
1.16929
1.13574
1.12791
1.17181
1.17631
1.13777
1.15775
1.08424
1.13809
1.10387
1.18277
1.10104
1.09587
1.05666
1.13824
1.12444
1.17899
1.10231
1.15665
1.10541
1.16007
1.12788
1.10842
1.17991
1.16264
1.15131
1.19213
1.15063
1.12947
1.16054
1.12255
1.0487
1.16193
1.19694
1.13975
1.18135
1.12691
1.10057
1.19243
1.12919
1.04727
1.12866
1.10314
1.12559
1.10485
1.1186
1.08996
1.20505
1.11632
1.16861
1.14645
1.18903
1.09813
1.14702
1.14726
1.163
1.13904
1.13808
1.16707
1.23426
1.1179
1.10508
1.11104
1.14753
1.19113
1.16882
1.15577
1.15009
1.16371
1.19201
1.12567
1.06524
1.16835
1.10233
1.13061
1.12962
1.1139
1.19023
1.14634
1.08568
1.08463
1.1616
1.14382
1.12275
1.11976
1.15932
1.16043
1.10196
1.14678
1.20742
1.1751
1.14111
1.06658
1.11609
1.09178
1.18917
1.10119
1.10598
1.17915
1.13282
1.1333
1.18058
1.1406
1.12782
1.18142
1.15845
1.18193
1.05923
1.09419
1.12292
1.1169
1.10952
1.20714
1.07685
1.07568
1.08776
1.11262
1.09927
1.14869
1.11905
1.08765
1.15693
1.108
1.11576
1.16286
1.12326
1.1334
1.14503
1.16454
1.11526
1.16773
1.10673
1.14323
1.10208
1.10303
1.11336
1.14821
1.13182
1.20442
1.09699
1.15316
1.15978
1.1086
1.16948
1.10089
1.13543
1.18786
1.11331
1.134
1.13495
1.17139
1.17423
1.12381
1.12062
1.14201
1.17671
1.1246
1.15695
1.14154
1.12398
1.095
1.15326
1.13624
1.1266
1.08377
1.11973
1.11885
1.14202
1.11727
1.1389
1.11638
1.06782
1.09349
1.09193
1.08345
1.12336
1.13942
1.18256
1.14084
1.07942
1.17811
1.1367
1.19833
1.14207
1.20064
1.09743
1.19953
1.11565
1.10613
1.06835
1.17675
1.12267
1.07291
1.11535
1.04355
1.13469
1.14404
1.15971
1.11641
1.08877
1.18639
1.17853
1.11621
1.07919
1.13863
1.07012
1.12465
1.1852
1.0365
1.08229
1.12106
1.1583
1.12683
1.14965
1.16105
1.15385
1.13202
1.17005
1.03736
1.17186
1.06524
1.10904
1.08477
1.15243
1.04056
1.1302
1.14115
1.02363
1.19583
1.10386
1.14806
1.16063
1.10162
1.13059
1.15113
1.10877
1.18049
1.1717
1.07106
1.11374
1.06134
1.11798
1.06234
1.18433
1.08532
1.14259
1.15207
1.16231
1.14016
1.12818
1.19086
1.12398
1.10442
1.05793
1.0951
1.07941
1.09503
1.14776
1.11283
1.19373
1.11784
1.1284
1.09296
1.12644
1.15329
1.10365
1.15106
1.11583
1.12145
1.1491
1.12639
1.09634
1.14467
1.12043
1.10388
1.13117
1.07404
1.12217
1.09784
1.11067
1.11043
1.14178
1.13141
1.09332
1.16796
1.17094
1.1493
1.11156
1.1169
1.1715
1.18842
1.16121
1.07222
1.11981
1.12897
1.19433
1.1075
1.16203
1.14054
1.10453
1.11861
1.13531
1.26191
1.11606
1.08146
1.16287
1.07326
1.16181
1.13279
1.22427
1.13912
1.1321
1.16418
1.03992
1.0771
1.10747
1.23892
1.18853
1.15465
1.14738
1.15801
1.12768
1.14526
1.31456
1.10319
1.14415
1.05256
1.1298
1.09735
1.15568
1.14502
1.10224
1.14611
1.18721
1.11479
1.09915
1.12193
1.12944
1.15527
1.12269
1.11228
1.17362
1.14183
1.11851
1.14541
1.1374
1.2039
1.17611
1.16311
1.16481
1.09649
1.1375
1.09147
1.19424
1.16843
1.22072
1.13679
1.1376
1.12794
1.09001
1.12027
1.04775
1.10148
1.13554
1.15611
1.12091
1.1595
1.12537
1.18559
1.11418
1.19293
1.13409
1.19239
1.13553
1.17234
1.09129
1.13379
1.11586
1.15149
1.1355
1.12373
1.0986
1.0968
1.20367
1.18622
1.1445
1.10588
1.13924
1.17126
1.13946
1.17548
1.06153
1.12523
1.14366
1.14457
1.18968
1.18932
1.12256
1.14808
1.17604
1.14427
1.10783
1.10112
1.09243
1.08825
1.13742
1.15569
1.21544
1.10688
1.18005
1.19438
1.13085
1.04828
1.14704
1.08554
1.10222
1.18207
1.13805
1.14602
1.15171
1.13339
1.13085
1.07972
1.13894
1.13211
1.17419
1.11024
1.11979
1.06836
1.1491
1.14944
1.11365
1.14736
1.17098
1.19699
1.11092
1.12892
1.17629
1.13453
1.09682
1.11796
1.17214
1.22521
1.18786
1.11674
1.12019
1.10449
1.16345
1.11925
1.13429
1.16211
1.14055
1.1196
1.16137
1.13068
1.14114
1.11166
1.11151
1.13525
1.13929
1.12745
1.09749
1.15426
1.12949
1.07046
1.1562
1.14297
1.08788
1.25576
1.05477
1.14494
1.09717
1.18355
1.1271
1.19833
1.13559
1.06773
1.11398
1.08468
1.15171
1.12046
1.16
1.15041
1.09909
1.101
1.15193
1.12038
1.15316
1.15825
1.26254
1.14917
1.13197
1.16601
1.12294
1.15752
1.15144
1.11924
1.12187
1.12685
1.19925
1.12924
1.14808
1.17812
1.15469
1.11148
1.12547
1.14568
1.12067
1.11491
1.13558
1.13819
1.07721
1.14951
1.14682
1.11136
1.15543
1.15638
1.14077
1.09594
1.11671
1.13966
1.13876
1.10337
1.11196
1.15593
1.13673
1.15274
1.08593
1.15113
1.03408
1.16394
1.15622
1.14433
1.10224
1.20412
1.10796
1.13731
1.10261
1.10931
1.16278
1.08153
1.15883
1.12829
1.1578
1.13034
1.13211
1.16428
1.17541
1.11483
1.11232
1.15381
1.15424
1.12401
1.13252
1.13963
1.07877
1.1419
1.18732
1.12175
1.13175
1.09691
1.14773
1.09898
1.1225
1.12146
1.18991
1.10245
1.1194
1.10743
1.11104
1.12503
1.15298
1.14555
1.14053
1.15575
1.14295
1.10581
1.17559
1.16591
1.14767
1.15471
1.16682
1.14002
1.1534
1.13075
1.14832
1.08679
1.10344
1.13499
1.14819
1.11365
1.14342
1.08858
1.14432
1.20409
1.09148
1.14959
1.12271
1.20181
1.10189
1.12675
1.15527
1.09801
1.13041
1.09433
1.13697
1.12009
1.18668
1.11014
1.16676
1.1358
1.09812
1.1401
1.23507
1.10605
1.14719
1.08716
1.19405
1.17678
1.14466
1.12714
1.10976
1.13124
1.10085
1.09002
1.13726
1.11416
1.10944
1.09752
1.13334
1.07641
1.19968
1.13469
1.23656
1.15704
1.07033
1.12041
1.19263
1.1043
1.13454
1.0708
1.18808
1.17116
1.14461
1.06579
1.20573
1.11548
1.15549
1.16875
1.17262
1.14697
1.16626
1.09375
1.18533
1.24473
1.11187
1.19835
1.15646
1.11586
1.13518
1.06948
1.03392
1.13084
1.13761
1.14845
1.10342
1.09669
1.20099
1.1212
1.14658
1.14781
1.10729
1.12952
1.12873
1.14448
1.06331
1.14349
1.18387
1.13926
1.14945
1.17029
1.14185
1.14041
1.08145
1.12762
1.17133
1.14612
1.16509
1.11061
1.14985
1.05979
1.12497
1.13434
1.16089
1.13768
1.11708
1.13435
1.20741
1.12632
1.27738
1.09706
1.15349
1.12074
1.09634
1.08935
1.13214
1.08867
1.08489
1.15523
1.15295
1.1497
1.18715
1.12039
1.0972
1.044
1.16809
1.14968
1.12278
1.14629
1.17614
1.12914
1.14465
1.08105
1.16578
1.16789
1.16508
1.1254
1.12652
1.11868
1.12062
1.0767
1.10598
1.15571
1.09498
1.04674
1.11482
1.06574
1.14989
1.13016
1.20325
1.09131
1.21042
1.12138
1.11396
1.15975
1.18304
1.09472
1.15273
1.07196
1.10127
1.12958
1.03195
1.1226
1.14033
1.06888
1.16443
1.12063
1.13664
1.12663
1.18827
1.15893
1.17114
1.17825
1.09264
1.14772
1.15272
1.1339
1.08459
1.10956
1.16419
1.17936
1.14929
1.13567
1.15563
1.17791
1.09973
1.14378
1.15873
1.10868
1.10291
1.12897
1.13418
1.11618
1.1638
1.12407
1.10085
1.16571
1.12197
1.09469
1.07623
1.12608
1.1165
1.11842
1.21546
1.20597
1.04397
1.16327
1.05898
1.21135
1.10709
1.16382
1.16446
1.21069
1.13236
1.15418
1.21172
1.16526
1.11922
1.11662
1.18034
1.23811
1.18793
1.18636
1.13596
1.11241
1.09617
1.14031
1.18782
1.08597
1.08406
1.11229
1.08695
1.18996
1.16125
1.18236
1.12232
1.2194
1.11919
1.10502
1.1324
1.02783
1.11413
1.12456
1.13715
1.16672
1.08514
1.15578
1.16496
1.15996
1.13797
1.09568
1.18364
1.10051
1.06417
1.1703
1.12051
1.07398
1.1837
1.13712
1.12708
1.1377
1.13616
1.09847
1.13256
1.19057
1.11661
1.1154
1.15981
1.14173
1.171
1.10168
1.12102
1.15034
1.17564
1.14679
1.11712
1.12392
1.13791
1.12019
1.12696
1.13435
1.17762
1.04044
1.13135
1.13927
1.14687
1.09894
1.16509
1.11921
1.16753
1.12798
1.07695
1.20033
1.11372
1.11307
1.10504
1.14154
1.13291
1.15494
1.12423
1.14171
1.11874
1.21853
1.1196
1.06716
1.13613
1.1
1.15562
1.16256
1.08149
1.13883
1.14435
1.11678
1.18068
1.16811
1.19582
1.14637
1.15159
1.20598
1.19188
1.10149
1.13681
1.05292
1.12591
1.17979
1.08483
1.16693
1.12329
1.1097
1.15657
1.09572
1.17177
1.06498
1.09936
1.08466
1.10072
1.13447
1.1207
1.17123
1.06141
1.07496
1.05982
1.11969
1.10924
1.19538
1.08632
1.14137
1.14071
1.1214
1.14276
1.14119
1.16047
1.18772
1.05985
1.17023
1.07468
1.17689
1.15016
1.14305
1.11528
1.08178
1.11983
1.12104
1.09447
1.11548
1.11431
1.11203
1.14599
1.11683
1.15917
1.10488
1.14527
1.1229
1.10711
1.11736
1.17532
1.15955
1.14582
1.15361
1.07573
1.16709
1.0938
1.09312
1.14329
1.17146
1.04207
1.17596
1.1207
1.10941
1.09648
1.11469
1.13417
1.1146
1.07398
1.12677
1.10318
1.16001
1.11578
1.18596
1.11938
1.13917
1.18155
1.17947
1.17795
1.08957
1.16697
1.11195
1.1126
1.13276
1.08927
1.08803
1.09342
1.16
1.08691
1.13356
1.16515
1.11045
1.1066
1.11224
1.10128
1.15234
1.14148
1.14965
1.0861
1.10398
1.11787
1.10357
1.12403
1.14682
1.20649
1.14589
1.13067
1.11379
1.15845
1.16637
1.09809
1.15915
1.09851
1.19005
1.14053
1.19551
1.1958
1.14856
1.21081
1.08109
1.21295
1.11202
1.1401
1.12374
1.08272
1.13316
1.10956
1.11279
1.21129
1.16946
1.15434
1.11371
1.15726
1.16787
1.08503
1.14787
1.13962
1.05001
1.11984
1.18544
1.134
1.10637
1.11617
1.05487
1.1296
1.1337
1.13213
1.14634
1.19245
1.1675
1.13067
1.12813
1.12657
1.14622
1.12274
1.14672
1.15723
1.03042
1.18533
1.11927
1.10945
1.20037
1.1379
1.1467
1.17777
1.11246
1.10583
1.14046
1.0997
1.14213
1.10021
1.06604
1.09636
1.14534
1.12822
1.13004
1.15819
1.12325
1.17036
1.08395
1.16014
1.14795
1.1842
1.12962
1.1267
1.18624
1.14891
1.08366
1.17178
1.0658
1.13171
1.08896
1.10099
1.16749
1.11429
1.15599
1.16434
1.13061
1.17245
1.14565
1.06515
1.0901
1.16795
1.13189
1.10039
1.03715
1.18662
1.12152
1.07314
1.09438
1.12413
1.11567
1.0466
1.14813
1.06616
1.13623
1.12385
1.13207
1.11037
1.07681
1.12526
1.09028
1.14914
1.15361
1.15471
1.13299
1.16977
1.10989
1.14724
1.18058
1.12079
1.15751
1.1613
1.09599
1.19771
1.1259
1.1629
1.17523
1.10145
1.12873
1.07784
1.16873
1.09187
1.16027
1.04516
1.06537
1.16633
1.18615
1.11184
1.11368
1.09303
1.1255
1.20108
1.1566
1.11913
1.09681
1.15168
1.09612
1.13353
1.14621
1.05611
1.11582
1.1805
1.11736
1.16276
1.12605
1.1892
1.13831
1.14675
1.15734
1.11685
1.15986
1.06711
1.09641
1.07878
1.06106
1.04059
1.18388
1.09244
1.1019
1.15068
1.1549
1.12017
1.083
1.11507
1.14318
1.16749
1.0724
1.10439
1.10425
1.13702
1.20184
1.10732
1.15254
1.20583
1.11603
1.14697
1.07038
1.16391
1.1228
1.11667
1.13359
1.12396
1.08182
1.12434
1.13984
1.15332
1.17271
1.14417
1.13654
1.11743
1.08753
1.19018
1.07466
1.1466
1.12681
1.12578
1.13044
1.17261
1.10993
1.18126
1.11164
1.17635
1.12063
1.0778
1.09332
1.19836
1.16813
1.19827
1.1152
1.21241
1.17461
1.13184
1.14422
1.15536
1.16133
1.1925
1.14798
1.12651
1.09474
1.12697
1.19073
1.18236
1.21781
1.1862
1.08147
1.17215
1.11257
1.16422
1.12494
1.13576
1.11428
1.13685
1.12404
1.1324
1.12683
1.15653
1.159
1.07159
1.10955
1.1031
1.14538
1.11486
1.16273
1.07302
1.12121
1.06314
1.11225
1.11199
1.14429
1.14426
1.19611
1.07283
1.15126
1.12325
1.15685
1.0937
1.11354
1.18144
1.15794
1.03958
1.07773
1.15251
1.13329
1.12152
1.14369
1.10287
1.14953
1.13578
1.20195
1.14923
1.1831
1.0821
1.12391
1.16983
